1,5
2,6
3,6
4,5
5,5
6,5
7,5
8,5
9,5
10,5
11,5
12,5
13,5
14,5
15,5
16,4
17,4
18,4
19,3
20,3
21,3
22,3
23,3
24,3
25,3
26,3
27,3
28,4
29,4
30,4
31,4
32,5
33,5
34,5
35,5
36,6
37,6
38,7
39,5
40,4
41,7
42,7
43,6
44,7
45,7
46,7
47,6
48,5
49,6
50,6
51,6
52,6
53,7
54,4
55,7
56,7
57,7
58,6
59,6
60,6
61,7
62,6
63,6
64,6
65,7
66,7
67,7
68,7
69,7
70,7
71,7
72,7
73,8
74,6
75,8
76,7
77,8
78,6
79,6
80,8
81,7
82,7
83,6
84,6
85,7
86,7
87,6
88,7
89,5
90,5
91,4
92,4
93,6
94,6
95,3
96,5
97,6
98,6
99,6
100,7
101,4
102,4
103,4
104,4
105,4
106,4
107,4
108,3
109,4
110,3
111,3
112,4
113,3
114,3
115,3
116,3
117,3
118,3
119,2
120,2
121,4
122,2
123,3
124,4
125,2
126,3
127,3
128,6
129,4
130,6
131,5
132,5
133,6
134,4
135,4
136,5
137,4
138,4
139,4
140,5
141,5
142,5
143,6
144,6
145,6
146,4
147,3
148,3
149,2
150,5
151,2
152,4
153,2
154,4
155,5
156,4
157,5
158,4
159,4
160,5
161,4
162,4
163,4
164,4
165,5
166,4
167,4
168,5
169,5
170,6
171,5
172,3
173,4
174,5
175,5
176,6
177,6
178,7
179,7
180,7
181,7
182,7
183,7
184,7
185,7
186,8
187,9
188,8
189,8
190,6
191,8
192,7
193,8
194,8
195,7
196,7
197,5
198,5
199,5
200,4
201,5
202,6
203,7
204,5
205,5
206,7
207,6
208,6
209,6
210,6
211,6
212,3
213,6
214,3
215,6
216,6
217,8
218,7
219,6
220,6
221,8
222,7
223,7
224,8
225,8
226,8
227,8
228,8
229,8
230,9
231,8
232,8
233,7
234,7
235,7
236,8
237,6
238,7
239,6
240,5
241,5
242,6
243,6
244,6
245,6
246,6
247,8
248,6
249,6
250,6
251,6
252,6
253,6
254,6
255,6
256,5
257,6
258,5
259,5
260,7
261,6
262,7
263,7
264,7
265,5
266,6
267,6
268,5
269,5
270,8
271,7
272,6
273,6
274,7
275,8
276,8
277,8
278,9
279,8
280,8
281,8
282,8
283,7
284,7
285,7
286,7
287,9
288,9
289,9
290,8
291,8
292,10
293,10
294,11
295,10
296,9
297,9
298,9
299,8
300,8
301,9
302,9
303,9
304,9
305,8
306,11
307,10
308,10
309,9
310,10
311,9
312,10
313,8
314,9
315,8
316,8
317,9
318,7
319,6
320,8
321,10
322,8
323,8
324,11
325,11
326,10
327,10
328,10
329,9
330,8
331,7
332,8
333,7
334,8
335,7
336,7
337,7
338,8
339,7
340,7
341,6
342,7
343,7
344,7
345,6
346,7
347,6
348,7
349,7
350,7
351,6
352,7
353,6
354,6
355,6
356,6
357,5
358,7
359,5
360,5
361,7
362,6
363,6
364,5
365,7
366,6
367,5
368,5
369,5
370,5
371,5
372,5
373,4
374,3
375,4
376,3
377,4
378,4
379,5
380,4
381,4
382,5
383,3
384,4
385,3
386,4
387,3
388,5
389,4
390,6
391,4
392,6
393,4
394,5
395,5
396,4
397,5
398,5
399,5
400,7
401,6
402,6
403,6
404,7
405,6
406,7
407,6
408,6
409,8
410,6
411,8
412,7
413,4
414,5
415,7
416,6
417,6
418,6
419,6
420,5
421,5
422,5
423,4
424,5
425,6
426,5
427,8
428,9
429,7
430,7
431,7
432,6
433,12
434,8
435,9
436,7
437,8
438,7
439,7
440,8
441,7
442,8
443,7
444,7
445,9
446,7
447,9
448,7
449,7
450,8
451,7
452,8
453,9
454,9
455,9
456,10
457,10
458,8
459,9
460,8
461,9
462,10
463,9
464,10
465,8
466,8
467,8
468,8
469,8
470,8
471,8
472,6
473,9
474,8
475,9
476,8
477,8
478,9
479,8
480,9
481,8
482,8
483,8
484,8
485,7
486,7
487,7
488,7
489,6
490,8
491,8
492,9
493,8
494,8
495,9
496,7
497,7
498,7
499,8
500,9
501,8
502,8
503,10
504,11
505,8
506,8
507,8
508,9
509,7
510,9
511,7
512,8
513,7
514,8
515,7
516,9
517,8
518,7
519,8
520,6
521,6
522,6
523,7
524,7
525,7
526,7
527,7
528,8
529,10
530,8
531,10
532,7
533,9
534,9
535,9
536,9
537,10
538,8
539,7
540,7
541,7
542,6
543,6
544,9
545,8
546,6
547,7
548,7
549,6
550,7
551,7
552,7
553,9
554,7
555,6
556,7
557,8
558,7
559,8
560,8
561,8
562,8
563,8
564,9
565,9
566,9
567,8
568,8
569,7
570,7
571,8
572,8
573,7
574,8
575,9
576,8
577,9
578,9
579,8
580,8
581,7
582,9
583,9
584,7
585,8
586,8
587,7
588,6
589,6
590,6
591,8
592,7
593,7
594,6
595,8
596,6
597,8
598,9
599,9
600,8
601,10
602,8
603,9
604,8
605,7
606,8
607,6
608,7
609,7
610,7
611,8
612,7
613,11
614,9
615,8
616,10
617,9
618,11
619,12
620,12
621,11
622,11
623,11
624,10
625,13
626,13
627,10
628,12
629,12
630,10
631,11
632,10
633,10
634,8
635,9
636,9
637,11
638,7
639,8
640,8
641,8
642,9
643,8
644,8
645,9
646,8
647,9
648,8
649,11
650,9
651,9
652,11
653,12
654,13
655,10
656,10
657,10
658,11
659,12
660,11
661,12
662,11
663,11
664,10
665,11
666,10
667,12
668,8
669,11
670,10
671,10
672,9
673,10
674,9
675,10
676,10
677,9
678,11
679,11
680,11
681,11
682,10
683,10
684,9
685,9
686,9
687,7
688,8
689,6
690,7
691,6
692,7
693,6
694,6
695,7
696,7
697,7
698,6
699,6
700,7
701,6
702,5
703,6
704,8
705,9
706,8
707,8
708,8
709,9
710,7
711,8
712,8
713,10
714,12
715,11
716,11
717,8
718,8
719,8
720,8
721,10
722,10
723,10
724,9
725,8
726,7
727,7
728,8
729,8
730,7
731,11
732,8
733,10
734,9
735,8
736,9
737,7
738,8
739,10
740,10
741,10
742,9
743,10
744,9
745,11
746,11
747,11
748,12
749,13
750,12
751,11
752,11
753,11
754,8
755,8
756,8
757,8
758,10
759,7
760,10
761,10
762,9
763,9
764,10
765,10
766,8
767,7
768,10
769,9
770,9
771,9
772,9
773,8
774,8
775,9
776,8
777,7
778,8
779,7
780,6
781,8
782,11
783,7
784,7
785,8
786,9
787,7
788,9
789,6
790,7
791,7
792,7
793,9
794,8
795,9
796,8
797,9
798,10
799,9
800,9
801,10
802,9
803,8
804,9
805,11
806,7
807,8
808,8
809,6
810,7
811,5
812,8
813,8
814,7
815,7
816,9
817,12
818,9
819,10
820,9
821,9
822,8
823,8
824,9
825,11
826,9
827,9
828,8
829,8
830,9
831,8
832,9
833,10
834,10
835,10
836,10
837,8
838,9
839,8
840,7
841,8
842,8
843,7
844,8
845,7
846,7
847,7
848,5
849,7
850,7
851,7
852,8
853,8
854,7
855,6
856,6
857,5
858,6
859,8
860,6
861,6
862,8
863,7
864,6
865,6
866,6
867,6
868,7
869,5
870,4
871,6
872,8
873,5
874,7
875,9
876,8
877,9
878,9
879,8
880,7
881,5
882,5
883,5
884,5
885,6
886,7
887,4
888,5
889,6
890,4
891,2
892,3
893,6
894,4
895,3
896,5
897,5
898,7
899,5
900,4
901,6
902,6
903,5
904,6
905,6
906,6
907,6
908,4
909,5
910,6
911,3
912,6
913,5
914,6
915,4
916,7
917,5
918,4
919,5
920,6
921,5
922,5
923,4
924,5
925,7
926,6
927,6
928,6
929,6
930,6
931,5
932,6
933,7
934,8
935,5
936,7
937,6
938,6
939,8
940,6
941,7
942,7
943,8
944,7
945,6
946,8
947,5
948,4
949,6
950,5
951,5
952,6
953,6
954,5
955,6
956,5
957,4
958,5
959,5
960,6
961,5
962,7
963,7
964,6
965,5
966,7
967,7
968,4
969,5
970,6
971,6
972,8
973,8
974,6
975,4
976,5
977,5
978,4
979,4
980,5
981,4
982,5
983,4
984,4
985,4
986,4
987,4
988,4
989,7
990,5
991,6
992,6
993,6
994,8
995,5
996,8
997,7
998,8
999,8
1000,10
1001,10
1002,6
1003,7
1004,7
1005,8
1006,9
1007,8
1008,8
1009,9
1010,8
1011,7
1012,8
1013,8
1014,8
1015,8
1016,7
1017,7
1018,7
1019,8
1020,8
1021,8
1022,7
1023,8
1024,7
1025,6
1026,5
1027,7
1028,6
1029,6
1030,5
1031,7
1032,6
1033,7
1034,6
1035,8
1036,8
1037,6
1038,7
1039,7
1040,7
1041,6
1042,8
1043,6
1044,6
1045,5
1046,7
1047,6
1048,7
1049,6
1050,6
1051,6
1052,5
1053,7
1054,7
1055,7
1056,7
1057,7
1058,8
1059,8
1060,9
1061,6
1062,5
1063,5
1064,7
1065,5
1066,5
1067,7
1068,6
1069,7
1070,7
1071,6
1072,7
1073,6
1074,5
1075,5
1076,6
1077,5
1078,7
1079,6
1080,8
1081,8
1082,9
1083,9
1084,7
1085,7
1086,10
1087,10
1088,9
1089,10
1090,9
1091,8
1092,7
1093,7
1094,7
1095,8
1096,8
1097,8
1098,8
1099,7
1100,9
1101,7
1102,9
1103,8
1104,9
1105,10
1106,9
1107,9
1108,9
1109,8
1110,8
1111,9
1112,8
1113,8
1114,7
1115,8
1116,9
1117,8
1118,8
1119,9
1120,9
1121,8
1122,8
1123,7
1124,9
1125,9
1126,8
1127,9
1128,9
1129,9
1130,10
1131,10
1132,8
1133,9
1134,8
1135,10
1136,9
1137,11
1138,8
1139,9
1140,8
1141,10
1142,11
1143,11
1144,11
1145,10
1146,10
1147,10
1148,10
1149,9
1150,10
1151,9
1152,7
1153,10
1154,8
1155,9
1156,8
1157,8
1158,7
1159,9
1160,8
1161,9
1162,6
1163,7
1164,8
1165,10
1166,11
1167,10
1168,6
1169,11
1170,10
1171,10
1172,8
1173,11
1174,7
1175,9
1176,8
1177,9
1178,10
1179,9
1180,9
1181,10
1182,10
1183,10
1184,10
1185,11
1186,11
1187,9
1188,11
1189,10
1190,8
1191,10
1192,9
1193,11
1194,12
1195,11
1196,9
1197,12
1198,12
1199,10
1200,11
1201,8
1202,7
1203,8
1204,8
1205,10
1206,9
1207,10
1208,9
1209,10
1210,9
1211,10
1212,9
1213,9
1214,9
1215,9
1216,9
1217,8
1218,8
1219,10
1220,10
1221,11
1222,12
1223,11
1224,12
1225,11
1226,10
1227,13
1228,10
1229,10
1230,8
1231,8
1232,8
1233,7
1234,8
1235,10
1236,8
1237,9
1238,8
1239,10
1240,7
1241,7
1242,8
1243,8
1244,9
1245,9
1246,8
1247,8
1248,7
1249,8
1250,7
1251,7
1252,8
1253,8
1254,8
1255,9
1256,8
1257,10
1258,9
1259,9
1260,8
1261,8
1262,9
1263,9
1264,9
1265,10
1266,10
1267,11
1268,10
1269,11
1270,11
1271,11
1272,10
1273,9
1274,10
1275,9
1276,11
1277,10
1278,9
1279,10
1280,9
1281,10
1282,8
1283,9
1284,10
1285,10
1286,11
1287,9
1288,7
1289,7
1290,7
1291,6
1292,6
1293,6
1294,6
1295,7
1296,6
1297,7
1298,7
1299,9
1300,9
1301,8
1302,8
1303,9
1304,8
1305,8
1306,8
1307,9
1308,9
1309,7
1310,6
1311,7
1312,10
1313,10
1314,10
1315,9
1316,9
1317,7
1318,12
1319,11
1320,7
1321,7
1322,6
1323,7
1324,7
1325,7
1326,6
1327,8
1328,5
1329,9
1330,7
1331,9
1332,8
1333,10
1334,11
1335,8
1336,9
1337,11
1338,11
1339,11
1340,11
1341,10
1342,10
1343,10
1344,9
1345,10
1346,8
1347,10
1348,8
1349,9
1350,8
1351,8
1352,9
1353,8
1354,8
1355,10
1356,8
1357,7
1358,8
1359,8
1360,6
1361,9
1362,6
1363,9
1364,9
1365,9
1366,9
1367,10
1368,12
1369,11
1370,11
1371,9
1372,10
1373,9
1374,6
1375,11
1376,9
1377,10
1378,8
1379,9
1380,10
1381,8
1382,7
1383,7
1384,5
1385,8
1386,6
1387,8
1388,5
1389,6
1390,6
1391,7
1392,4
1393,6
1394,5
1395,5
1396,5
1397,6
1398,5
1399,4
1400,7
1401,7
1402,8
1403,7
1404,8
1405,10
1406,8
1407,6
1408,10
1409,10
1410,11
1411,12
1412,11
1413,12
1414,13
1415,10
1416,9
1417,11
1418,9
1419,7
1420,8
1421,8
1422,9
1423,9
1424,9
1425,8
1426,9
1427,11
1428,9
1429,10
1430,10
1431,8
1432,8
1433,8
1434,8
1435,10
1436,8
1437,8
1438,8
1439,8
1440,9
1441,8
1442,6
1443,7
1444,6
1445,8
1446,8
1447,9
1448,8
1449,9
1450,5
1451,5
1452,8
1453,9
1454,8
1455,9
1456,8
1457,9
1458,7
1459,9
1460,8
1461,9
1462,7
1463,7
1464,7
1465,7
1466,5
1467,6
1468,6
1469,6
1470,8
1471,5
1472,6
1473,4
1474,4
1475,6
1476,5
1477,10
1478,8
1479,9
1480,10
1481,12
1482,9
1483,9
1484,12
1485,11
1486,11
1487,12
1488,11
1489,10
1490,11
1491,12
1492,9
1493,10
1494,13
1495,11
1496,13
1497,10
1498,9
1499,12
1500,10
1501,12
1502,12
1503,12
1504,11
1505,11
1506,8
1507,10
1508,10
1509,9
1510,9
1511,8
1512,8
1513,8
1514,8
1515,9
1516,8
1517,9
1518,10
1519,10
1520,8
1521,9
1522,8
1523,8
1524,8
1525,8
1526,8
1527,7
1528,7
1529,7
1530,7
1531,9
1532,7
1533,10
1534,11
1535,11
1536,10
1537,14
1538,12
1539,12
1540,11
1541,11
1542,11
1543,12
1544,10
1545,11
1546,10
1547,10
1548,11
1549,11
1550,11
1551,11
1552,12
1553,9
1554,8
1555,9
1556,9
1557,8
1558,12
1559,11
1560,12
1561,12
1562,11
1563,12
1564,12
1565,11
1566,11
1567,11
1568,9
1569,10
1570,12
1571,11
1572,13
1573,14
1574,12
1575,12
1576,10
1577,11
1578,11
1579,11
1580,12
1581,11
1582,13
1583,10
1584,11
1585,10
1586,11
1587,10
1588,11
1589,11
1590,8
1591,9
1592,12
1593,8
1594,11
1595,10
1596,12
1597,13
1598,13
1599,13
1600,13
1601,14
1602,13
1603,13
1604,12
1605,12
1606,11
1607,12
1608,12
1609,11
1610,10
1611,11
1612,11
1613,11
1614,12
1615,11
1616,12
1617,13
1618,11
1619,10
1620,11
1621,12
1622,10
1623,10
1624,12
1625,11
1626,11
1627,11
1628,11
1629,12
1630,12
1631,11
1632,10
1633,14
1634,12
1635,10
1636,12
1637,11
1638,12
1639,8
1640,10
1641,10
1642,9
1643,9
1644,9
1645,10
1646,7
1647,8
1648,8
1649,9
1650,9
1651,8
1652,9
1653,9
1654,9
1655,9
1656,11
1657,11
1658,10
1659,10
1660,10
1661,9
1662,9
1663,10
1664,9
1665,9
1666,10
1667,10
1668,9
1669,9
1670,9
1671,10
1672,8
1673,7
1674,6
1675,8
1676,10
1677,8
1678,6
1679,6
1680,10
1681,11
1682,10
1683,10
1684,12
1685,11
1686,10
1687,10
1688,11
1689,8
1690,8
1691,11
1692,11
1693,11
1694,10
1695,11
1696,12
1697,11
1698,11
1699,10
1700,12
1701,12
1702,11
1703,14
1704,12
1705,12
1706,12
1707,14
1708,12
1709,12
1710,12
1711,13
1712,12
1713,13
1714,12
1715,12
1716,12
1717,13
1718,12
1719,11
1720,12
1721,13
1722,11
1723,10
1724,10
1725,10
1726,13
1727,11
1728,8
1729,10
1730,10
1731,9
1732,7
1733,9
1734,10
1735,10
1736,9
1737,9
1738,8
1739,10
1740,10
1741,9
1742,11
1743,9
1744,9
1745,10
1746,9
1747,9
1748,8
1749,8
1750,8
1751,9
1752,8
1753,8
1754,8
1755,9
1756,8
1757,10
1758,10
1759,11
1760,11
1761,9
1762,10
1763,9
1764,9
1765,10
1766,7
1767,8
1768,10
1769,10
1770,10
1771,12
1772,9
1773,9
1774,10
1775,11
1776,10
1777,12
1778,13
1779,10
1780,11
1781,11
1782,10
1783,13
1784,12
1785,10
1786,11
1787,10
1788,10
1789,10
1790,10
1791,10
1792,10
1793,11
1794,10
1795,9
1796,11
1797,12
1798,11
1799,12
1800,11
1801,11
1802,12
1803,11
1804,11
1805,11
1806,12
1807,12
1808,12
1809,13
1810,8
1811,9
1812,11
1813,10
1814,9
1815,9
1816,9
1817,9
1818,10
1819,9
1820,9
1821,9
1822,9
1823,9
1824,9
1825,9
1826,10
1827,11
1828,11
1829,10
1830,12
1831,10
1832,10
1833,10
1834,8
1835,10
1836,10
1837,11
1838,9
1839,9
1840,9
1841,10
1842,10
1843,10
1844,10
1845,11
1846,10
1847,10
1848,9
1849,11
1850,10
1851,10
1852,10
1853,9
1854,10
1855,9
1856,7
1857,6
1858,7
1859,6
1860,7
1861,9
1862,9
1863,9
1864,9
1865,10
1866,11
1867,10
1868,10
1869,11
1870,12
1871,9
1872,10
1873,12
1874,11
1875,11
1876,9
1877,12
1878,9
1879,11
1880,12
1881,10
1882,9
1883,12
1884,9
1885,13
1886,12
1887,12
1888,11
1889,13
1890,14
1891,14
1892,14
1893,12
1894,13
1895,12
1896,13
1897,11
1898,11
1899,12
1900,12
1901,11
1902,12
1903,11
1904,12
1905,11
1906,11
1907,10
1908,11
1909,10
1910,10
1911,8
1912,11
1913,9
1914,8
1915,10
1916,10
1917,9
1918,9
1919,9
1920,10
1921,11
1922,9
1923,10
1924,9
1925,8
1926,8
1927,9
1928,9
1929,8
1930,9
1931,10
1932,11
1933,11
1934,10
1935,11
1936,9
1937,9
1938,9
1939,8
1940,9
1941,10
1942,10
1943,8
1944,9
1945,11
1946,9
1947,9
1948,9
1949,9
1950,9
1951,9
1952,11
1953,9
1954,8
1955,9
1956,11
1957,8
1958,10
1959,9
1960,9
1961,11
1962,9
1963,8
1964,8
1965,9
1966,9
1967,9
1968,9
1969,9
1970,9
1971,10
1972,11
1973,7
1974,7
1975,8
1976,9
1977,9
1978,5
1979,7
1980,9
1981,11
1982,6
1983,7
1984,5
1985,4
1986,5
1987,6
1988,4
1989,4
1990,5
1991,4
1992,5
1993,9
1994,6
1995,5
1996,6
1997,6
1998,6
1999,5
2000,6
2001,5
2002,5
2003,5
2004,5
2005,7
2006,6
2007,7
2008,6
2009,7
2010,7
2011,8
2012,7
2013,7
2014,11
2015,10
2016,9
2017,9
2018,10
2019,9
2020,9
2021,11
2022,9
2023,10
2024,10
2025,11
2026,9
2027,11
2028,9
2029,8
2030,8
2031,9
2032,7
2033,10
2034,10
2035,10
2036,9
2037,10
2038,10
2039,10
2040,9
2041,11
2042,11
2043,12
2044,11
2045,12
2046,10
2047,10
2048,11
2049,10
2050,11
2051,11
2052,11
2053,10
2054,11
2055,10
2056,10
2057,10
2058,10
2059,8
2060,9
2061,9
2062,11
2063,9
2064,8
2065,9
2066,8
2067,10
2068,8
2069,6
2070,9
2071,8
2072,10
2073,10
2074,11
2075,9
2076,7
2077,10
2078,6
2079,7
2080,9
2081,9
2082,9
2083,9
2084,9
2085,10
2086,10
2087,8
2088,9
2089,10
2090,9
2091,9
2092,8
2093,8
2094,8
2095,8
2096,6
2097,7
2098,9
2099,10
2100,11
2101,11
2102,10
2103,11
2104,12
2105,8
2106,9
2107,9
2108,10
2109,7
2110,7
2111,8
2112,7
2113,7
2114,6
2115,6
2116,6
2117,7
2118,6
2119,6
2120,7
2121,6
2122,8
2123,7
2124,7
2125,6
2126,11
2127,9
2128,9
2129,9
2130,9
2131,11
2132,11
2133,9
2134,10
2135,11
2136,11
2137,12
2138,10
2139,7
2140,7
2141,7
2142,6
2143,9
2144,9
2145,8
2146,8
2147,7
2148,8
2149,12
2150,10
2151,10
2152,9
2153,8
2154,7
2155,6
2156,9
2157,10
2158,8
2159,8
2160,9
2161,8
2162,6
2163,9
2164,8
2165,8
2166,8
2167,8
2168,8
2169,7
2170,7
2171,7
2172,7
2173,7
2174,9
2175,8
2176,9
2177,10
2178,8
2179,9
2180,9
2181,9
2182,9
2183,10
2184,9
2185,10
2186,9
2187,10
2188,12
2189,9
2190,12
2191,10
2192,8
2193,10
2194,12
2195,11
2196,9
2197,11
2198,11
2199,11
2200,12
2201,11
2202,12
2203,10
2204,12
2205,13
2206,12
2207,12
2208,12
2209,14
2210,14
2211,13
2212,14
2213,13
2214,11
2215,12
2216,9
2217,9
2218,10
2219,9
2220,10
2221,11
2222,9
2223,8
2224,7
2225,8
2226,8
2227,6
2228,8
2229,9
2230,11
2231,9
2232,8
2233,10
2234,10
2235,7
2236,7
2237,7
2238,8
2239,8
2240,5
2241,5
2242,7
2243,5
2244,9
2245,8
2246,7
2247,6
2248,7
2249,7
2250,7
2251,7
2252,7
2253,6
2254,7
2255,10
2256,7
2257,10
2258,10
2259,12
2260,11
2261,11
2262,9
2263,7
2264,7
2265,12
2266,12
2267,10
2268,9
2269,9
2270,12
2271,10
2272,10
2273,11
2274,10
2275,9
2276,10
2277,12
2278,10
2279,9
2280,10
2281,9
2282,8
2283,11
2284,8
2285,10
2286,11
2287,12
2288,11
2289,11
2290,10
2291,9
2292,11
2293,11
2294,10
2295,9
2296,9
2297,8
2298,9
2299,10
2300,10
2301,10
2302,10
2303,10
2304,8
2305,9
2306,10
2307,10
2308,10
2309,11
2310,8
2311,10
2312,8
2313,10
2314,10
2315,9
2316,11
2317,11
2318,8
2319,9
2320,9
2321,10
2322,10
2323,12
2324,7
2325,8
2326,8
2327,10
2328,8
2329,7
2330,10
2331,9
2332,10
2333,11
2334,11
2335,10
2336,11
2337,12
2338,11
2339,11
2340,12
2341,12
2342,10
2343,10
2344,12
2345,9
2346,9
2347,9
2348,9
2349,11
2350,10
2351,8
2352,7
2353,11
2354,12
2355,12
2356,12
2357,12
2358,12
2359,12
2360,12
2361,11
2362,10
2363,9
2364,9
2365,9
2366,9
2367,8
2368,8
2369,7
2370,9
2371,9
2372,8
2373,8
2374,9
2375,8
2376,9
2377,6
2378,8
2379,6
2380,8
2381,9
2382,8
2383,9
2384,9
2385,9
2386,10
2387,10
2388,7
2389,8
2390,10
2391,8
2392,9
2393,8
2394,7
2395,7
2396,9
2397,10
2398,8
2399,8
2400,7
2401,8
2402,9
2403,6
2404,7
2405,8
2406,6
2407,6
2408,7
2409,7
2410,5
2411,6
2412,7
2413,7
2414,9
2415,8
2416,6
2417,8
2418,6
2419,7
2420,7
2421,8
2422,8
2423,8
2424,7
2425,6
2426,4
2427,5
2428,6
2429,7
2430,5
2431,6
2432,7
2433,8
2434,6
2435,6
2436,6
2437,8
2438,7
2439,7
2440,7
2441,6
2442,7
2443,9
2444,9
2445,10
2446,9
2447,7
2448,8
2449,8
2450,7
2451,6
2452,6
2453,8
2454,5
2455,8
2456,11
2457,8
2458,8
2459,8
2460,9
2461,11
2462,8
2463,8
2464,9
2465,10
2466,10
2467,9
2468,8
2469,9
2470,9
2471,9
2472,10
2473,9
2474,11
2475,11
2476,11
2477,9
2478,11
2479,10
2480,8
2481,9
2482,8
2483,8
2484,8
2485,11
2486,10
2487,9
2488,9
2489,8
2490,10
2491,9
2492,8
2493,9
2494,10
2495,11
2496,12
2497,12
2498,10
2499,12
2500,12
2501,12
2502,12
2503,10
2504,10
2505,12
2506,12
2507,11
2508,12
2509,10
2510,12
2511,12
2512,12
2513,12
2514,10
2515,10
2516,10
2517,9
2518,9
2519,9
2520,8
2521,10
2522,9
2523,11
2524,7
2525,9
2526,11
2527,9
2528,9
2529,10
2530,11
2531,8
2532,11
2533,12
2534,11
2535,9
2536,11
2537,11
2538,12
2539,11
2540,13
2541,11
2542,13
2543,11
2544,13
2545,11
2546,10
2547,11
2548,11
2549,12
2550,12
2551,11
2552,11
2553,11
2554,10
2555,12
2556,12
2557,11
2558,10
2559,11
2560,8
2561,9
2562,12
2563,11
2564,8
2565,10
2566,10
2567,11
2568,9
2569,8
2570,9
2571,9
2572,10
2573,10
2574,10
2575,9
2576,9
2577,9
2578,9
2579,9
2580,9
2581,9
2582,9
2583,10
2584,10
2585,11
2586,10
2587,9
2588,7
2589,8
2590,7
2591,7
2592,8
2593,10
2594,10
2595,10
2596,9
2597,9
2598,8
2599,8
2600,6
2601,8
2602,11
2603,8
2604,9
2605,10
2606,8
2607,9
2608,12
2609,9
2610,10
2611,10
2612,10
2613,10
2614,10
2615,8
2616,10
2617,11
2618,11
2619,10
2620,11
2621,11
2622,10
2623,10
2624,10
2625,11
2626,9
2627,9
2628,9
2629,10
2630,8
2631,13
2632,10
2633,10
2634,12
2635,9
2636,9
2637,11
2638,10
2639,11
2640,10
2641,9
2642,12
2643,9
2644,9
2645,9
2646,7
2647,9
2648,10
2649,10
2650,8
2651,9
2652,8
2653,8
2654,8
2655,8
2656,9
2657,8
2658,10
2659,10
2660,9
2661,11
2662,9
2663,8
2664,9
2665,10
2666,9
2667,8
2668,9
2669,7
2670,7
2671,6
2672,8
2673,9
2674,10
2675,8
2676,9
2677,10
2678,9
2679,10
2680,9
2681,8
2682,9
2683,11
2684,10
2685,9
2686,9
2687,10
2688,11
2689,12
2690,11
2691,11
2692,10
2693,10
2694,10
2695,11
2696,10
2697,12
2698,12
2699,12
2700,12
2701,12
2702,11
2703,11
2704,12
2705,10
2706,11
2707,11
2708,9
2709,9
2710,10
2711,11
2712,10
2713,11
2714,10
2715,11
2716,12
2717,11
2718,11
2719,11
2720,10
2721,10
2722,9
2723,9
2724,9
2725,11
2726,10
2727,9
2728,8
2729,7
2730,7
2731,8
2732,6
2733,8
2734,7
2735,7
2736,7
2737,6
2738,8
2739,8
2740,8
2741,8
2742,8
2743,7
2744,9
2745,10
2746,11
2747,11
2748,11
2749,13
2750,13
2751,12
2752,12
2753,12
2754,12
2755,11
2756,12
2757,12
2758,14
2759,13
2760,11
2761,12
2762,13
2763,13
2764,11
2765,11
2766,8
2767,9
2768,12
2769,12
2770,11
2771,11
2772,11
2773,11
2774,12
2775,11
2776,12
2777,12
2778,12
2779,13
2780,10
2781,11
2782,12
2783,11
2784,11
2785,11
2786,12
2787,10
2788,11
2789,11
2790,11
2791,9
2792,8
2793,9
2794,8
2795,7
2796,7
2797,7
2798,10
2799,9
2800,8
2801,8
2802,8
2803,8
2804,9
2805,10
2806,9
2807,9
2808,12
2809,10
2810,9
2811,11
2812,9
2813,11
2814,8
2815,10
2816,7
2817,6
2818,6
2819,6
2820,6
2821,9
2822,7
2823,6
2824,8
2825,7
2826,8
2827,9
2828,8
2829,7
2830,9
2831,8
2832,9
2833,8
2834,11
2835,11
2836,9
2837,9
2838,11
2839,11
2840,12
2841,10
2842,10
2843,8
2844,10
2845,12
2846,10
2847,11
2848,12
2849,11
2850,11
2851,12
2852,11
2853,14
2854,12
2855,13
2856,12
2857,14
2858,14
2859,12
2860,11
2861,12
2862,11
2863,11
2864,9
2865,11
2866,11
2867,9
2868,11
2869,11
2870,11
2871,11
2872,11
2873,10
2874,11
2875,10
2876,11
2877,10
2878,9
2879,10
2880,9
2881,10
2882,7
2883,9
2884,8
2885,10
2886,10
2887,9
2888,10
2889,8
2890,9
2891,7
2892,8
2893,8
2894,7
2895,9
2896,9
2897,9
2898,7
2899,10
2900,6
2901,7
2902,8
2903,10
2904,8
2905,8
2906,8
2907,5
2908,8
2909,7
2910,10
2911,9
2912,11
2913,12
2914,9
2915,9
2916,11
2917,12
2918,11
2919,9
2920,10
2921,11
2922,12
2923,9
2924,9
2925,10
2926,10
2927,10
2928,9
2929,12
2930,13
2931,13
2932,10
2933,12
2934,12
2935,11
2936,11
2937,10
2938,9
2939,12
2940,13
2941,12
2942,13
2943,11
2944,13
2945,11
2946,13
2947,12
2948,13
2949,10
2950,11
2951,12
2952,13
2953,12
2954,12
2955,12
2956,12
2957,12
2958,12
2959,11
2960,11
2961,11
2962,11
2963,11
2964,11
2965,10
2966,9
2967,10
2968,9
2969,10
2970,10
2971,8
2972,9
2973,10
2974,9
2975,9
2976,9
2977,12
2978,11
2979,12
2980,9
2981,12
2982,9
2983,9
2984,8
2985,9
2986,10
2987,11
2988,9
2989,10
2990,8
2991,10
2992,11
2993,10
2994,11
2995,12
2996,10
2997,11
2998,12
2999,11
3000,9
3001,11
3002,10
3003,9
3004,10
3005,9
3006,9
3007,10
3008,9
3009,9
3010,10
3011,12
3012,10
3013,11
3014,12
3015,10
3016,11
3017,11
3018,11
3019,11
3020,11
3021,11
3022,11
3023,11
3024,11
3025,11
3026,10
3027,9
3028,7
3029,9
3030,9
3031,7
3032,8
3033,9
3034,7
3035,6
3036,8
3037,9
3038,9
3039,9
3040,10
3041,6
3042,5
3043,6
3044,7
3045,7
3046,9
3047,9
3048,8
3049,9
3050,10
3051,9
3052,8
3053,8
3054,8
3055,8
3056,8
3057,7
3058,8
3059,7
3060,6
3061,7
3062,7
3063,6
3064,6
3065,6
3066,6
3067,5
3068,6
3069,7
3070,3
3071,4
3072,5
3073,7
3074,6
3075,6
3076,6
3077,4
3078,6
3079,7
3080,5
3081,7
3082,7
3083,6
3084,7
3085,11
3086,7
3087,10
3088,9
3089,9
3090,11
3091,10
3092,8
3093,10
3094,10
3095,10
3096,9
3097,10
3098,9
3099,8
3100,6
3101,5
3102,6
3103,10
3104,8
3105,11
3106,11
3107,10
3108,9
3109,9
3110,8
3111,8
3112,10
3113,10
3114,11
3115,9
3116,9
3117,10
3118,10
3119,9
3120,8
3121,14
3122,12
3123,12
3124,11
3125,12
3126,13
3127,11
3128,10
3129,10
3130,9
3131,10
3132,8
3133,8
3134,8
3135,9
3136,9
3137,9
3138,9
3139,8
3140,12
3141,11
3142,12
3143,9
3144,9
3145,8
3146,10
3147,8
3148,10
3149,9
3150,11
3151,11
3152,12
3153,12
3154,12
3155,13
3156,11
3157,12
3158,10
3159,12
3160,13
3161,14
3162,13
3163,14
3164,13
3165,13
3166,13
3167,13
3168,12
3169,14
3170,14
3171,12
3172,17
3173,14
3174,13
3175,12
3176,13
3177,14
3178,11
3179,10
3180,11
3181,10
3182,11
3183,11
3184,10
3185,11
3186,10
3187,9
3188,10
3189,9
3190,9
3191,10
3192,9
3193,11
3194,11
3195,8
3196,10
3197,9
3198,9
3199,9
3200,8
3201,9
3202,9
3203,9
3204,9
3205,9
3206,10
3207,10
3208,11
3209,11
3210,11
3211,9
3212,11
3213,11
3214,9
3215,10
3216,10
3217,9
3218,8
3219,9
3220,9
3221,9
3222,9
3223,8
3224,9
3225,10
3226,9
3227,9
3228,8
3229,11
3230,10
3231,10
3232,10
3233,11
3234,12
3235,11
3236,9
3237,7
3238,7
3239,8
3240,8
3241,8
3242,7
3243,8
3244,8
3245,7
3246,8
3247,9
3248,10
3249,8
3250,7
3251,9
3252,7
3253,9
3254,9
3255,9
3256,10
3257,9
3258,8
3259,9
3260,8
3261,11
3262,9
3263,8
3264,8
3265,9
3266,8
3267,10
3268,7
3269,8
3270,7
3271,9
3272,9
3273,9
3274,9
3275,10
3276,10
3277,10
3278,10
3279,9
3280,8
3281,11
3282,9
3283,11
3284,10
3285,9
3286,10
3287,9
3288,6
3289,8
3290,10
3291,8
3292,10
3293,10
3294,10
3295,10
3296,11
3297,11
3298,10
3299,9
3300,8
3301,10
3302,10
3303,10
3304,10
3305,10
3306,9
3307,10
3308,9
3309,9
3310,9
3311,8
3312,9
3313,10
3314,8
3315,9
3316,10
3317,8
3318,9
3319,9
3320,10
3321,12
3322,11
3323,11
3324,11
3325,10
3326,9
3327,9
3328,9
3329,10
3330,10
3331,10
3332,10
3333,8
3334,7
3335,9
3336,9
3337,9
3338,10
3339,10
3340,7
3341,7
3342,7
3343,8
3344,7
3345,8
3346,7
3347,8
3348,9
3349,10
3350,9
3351,10
3352,11
3353,9
3354,9
3355,10
3356,10
3357,10
3358,8
3359,11
3360,11
3361,12
3362,10
3363,7
3364,8
3365,9
3366,7
3367,6
3368,8
3369,7
3370,9
3371,10
3372,9
3373,8
3374,9
3375,11
3376,11
3377,11
3378,9
3379,10
3380,10
3381,8
3382,8
3383,8
3384,8
3385,10
3386,8
3387,9
3388,9
3389,9
3390,9
3391,10
3392,7
3393,9
3394,10
3395,12
3396,10
3397,10
3398,11
3399,11
3400,12
3401,11
3402,12
3403,11
3404,10
3405,10
3406,10
3407,10
3408,11
3409,11
3410,12
3411,11
3412,10
3413,11
3414,11
3415,10
3416,10
3417,9
3418,6
3419,8
3420,8
3421,11
3422,9
3423,8
3424,7
3425,7
3426,10
3427,10
3428,7
3429,9
3430,9
3431,8
3432,8
3433,11
3434,10
3435,11
3436,12
3437,13
3438,11
3439,12
3440,10
3441,11
3442,8
3443,9
3444,10
3445,10
3446,10
3447,12
3448,13
3449,12
3450,13
3451,13
3452,12
3453,13
3454,14
3455,14
3456,10
3457,11
3458,10
3459,10
3460,11
3461,8
3462,11
3463,11
3464,9
3465,8
3466,8
3467,8
3468,9
3469,9
3470,10
3471,9
3472,8
3473,8
3474,7
3475,10
3476,7
3477,10
3478,9
3479,8
3480,8
3481,10
3482,9
3483,8
3484,6
3485,7
3486,7
3487,7
3488,6
3489,7
3490,9
3491,10
3492,8
3493,8
3494,9
3495,10
3496,7
3497,6
3498,7
3499,6
3500,6
3501,4
3502,4
3503,4
3504,4
3505,7
3506,2
3507,4
3508,5
3509,6
3510,5
3511,4
3512,7
3513,6
3514,9
3515,7
3516,7
3517,5
3518,5
3519,9
3520,7
3521,8
3522,9
3523,8
3524,8
3525,7
3526,6
3527,8
3528,8
3529,9
3530,10
3531,10
3532,10
3533,11
3534,9
3535,8
3536,8
3537,9
3538,9
3539,6
3540,10
3541,9
3542,9
3543,11
3544,10
3545,9
3546,10
3547,11
3548,11
3549,11
3550,11
3551,12
3552,11
3553,12
3554,12
3555,12
3556,10
3557,8
3558,7
3559,8
3560,6
3561,6
3562,8
3563,9
3564,7
3565,6
3566,8
3567,7
3568,5
3569,6
3570,8
3571,8
3572,6
3573,10
3574,8
3575,10
3576,10
3577,8
3578,10
3579,8
3580,10
3581,7
3582,9
3583,7
3584,7
3585,8
3586,8
3587,9
3588,8
3589,6
3590,8
3591,9
3592,9
3593,9
3594,9
3595,9
3596,8
3597,9
3598,8
3599,9
3600,10
3601,7
3602,8
3603,8
3604,7
3605,11
3606,11
3607,7
3608,10
3609,8
3610,7
3611,7
3612,8
3613,10
3614,10
3615,9
3616,8
3617,10
3618,10
3619,10
3620,7
3621,9
3622,8
3623,7
3624,8
3625,10
3626,11
3627,11
3628,10
3629,8
3630,8
3631,6
3632,8
3633,9
3634,7
3635,6
3636,9
3637,8
3638,10
3639,10
3640,10
3641,9
3642,10
3643,11
3644,9
3645,7
3646,8
3647,11
3648,9
3649,10
3650,10
3651,10
3652,9
3653,8
3654,10
3655,10
3656,11
3657,11
3658,10
3659,10
3660,10
3661,12
3662,13
3663,12
3664,10
3665,10
3666,9
3667,8
3668,9
3669,8
3670,10
3671,10
3672,10
3673,10
3674,10
3675,10
3676,10
3677,10
3678,10
3679,10
3680,9
3681,10
3682,12
3683,11
3684,11
3685,13
3686,12
3687,10
3688,11
3689,11
3690,10
3691,9
3692,10
3693,9
3694,9
3695,8
3696,7
3697,9
3698,9
3699,8
3700,9
3701,7
3702,9
3703,9
3704,9
3705,10
3706,10
3707,10
3708,10
3709,10
3710,11
3711,9
3712,11
3713,12
3714,10
3715,12
3716,13
3717,11
3718,11
3719,11
3720,11
3721,12
3722,11
3723,10
3724,11
3725,9
3726,7
3727,9
3728,9
3729,8
3730,6
3731,9
3732,11
3733,11
3734,12
3735,11
3736,10
3737,9
3738,11
3739,11
3740,9
3741,8
3742,9
3743,6
3744,9
3745,11
3746,8
3747,7
3748,10
3749,9
3750,9
3751,7
3752,11
3753,7
3754,11
3755,10
3756,7
3757,9
3758,8
3759,7
3760,9
3761,9
3762,11
3763,9
3764,9
3765,9
3766,8
3767,8
3768,8
3769,8
3770,8
3771,7
3772,6
3773,9
3774,7
3775,8
3776,8
3777,7
3778,7
3779,8
3780,6
3781,7
3782,8
3783,7
3784,8
3785,6
3786,10
3787,10
3788,8
3789,9
3790,9
3791,7
3792,11
3793,12
3794,10
3795,10
3796,7
3797,9
3798,8
3799,7
3800,9
3801,9
3802,9
3803,8
3804,9
3805,9
3806,10
3807,10
3808,10
3809,11
3810,8
3811,9
3812,8
3813,9
3814,9
3815,10
3816,9
3817,11
3818,10
3819,9
3820,10
3821,10
3822,8
3823,7
3824,8
3825,9
3826,6
3827,6
3828,6
3829,6
3830,6
3831,6
3832,5
3833,7
3834,7
3835,6
3836,7
3837,9
3838,8
3839,8
3840,7
3841,9
3842,9
3843,9
3844,9
3845,9
3846,10
3847,12
3848,9
3849,10
3850,10
3851,11
3852,10
3853,9
3854,8
3855,10
3856,10
3857,8
3858,7
3859,8
3860,8
3861,9
3862,9
3863,10
3864,9
3865,11
3866,10
3867,8
3868,6
3869,7
3870,7
3871,9
3872,10
3873,12
3874,10
3875,9
3876,9
3877,11
3878,9
3879,8
3880,8
3881,8
3882,8
3883,9
3884,9
3885,8
3886,9
3887,9
3888,10
3889,9
3890,10
3891,7
3892,8
3893,6
3894,6
3895,11
3896,10
3897,9
3898,8
3899,8
3900,8
3901,8
3902,11
3903,9
3904,9
3905,8
3906,8
3907,10
3908,8
3909,10
3910,9
3911,9
3912,8
3913,9
3914,10
3915,10
3916,10
3917,10
3918,9
3919,10
3920,10
3921,10
3922,9
3923,9
3924,10
3925,10
3926,11
3927,8
3928,8
3929,8
3930,8
3931,10
3932,8
3933,9
3934,8
3935,9
3936,7
3937,9
3938,9
3939,8
3940,7
3941,9
3942,9
3943,10
3944,11
3945,10
3946,10
3947,9
3948,10
3949,10
3950,10
3951,9
3952,8
3953,8
3954,8
3955,10
3956,10
3957,10
3958,10
3959,10
3960,9
3961,10
3962,9
3963,9
3964,13
3965,10
3966,8
3967,9
3968,8
3969,10
3970,11
3971,9
3972,10
3973,12
3974,12
3975,13
3976,12
3977,11
3978,11
3979,10
3980,10
3981,10
3982,13
3983,13
3984,13
3985,13
3986,14
3987,13
3988,12
3989,12
3990,12
3991,11
3992,13
3993,13
3994,12
3995,10
3996,11
3997,12
3998,13
3999,12
4000,11
4001,11
4002,9
4003,9
4004,11
4005,9
4006,9
4007,10
4008,11
4009,9
4010,9
4011,10
4012,10
4013,11
4014,11
4015,11
4016,10
4017,11
4018,10
4019,10
4020,11
4021,12
4022,10
4023,10
4024,10
4025,10
4026,11
4027,9
4028,11
4029,10
4030,12
4031,10
4032,12
4033,11
4034,12
4035,9
4036,9
4037,11
4038,10
4039,10
4040,10
4041,11
4042,10
4043,11
4044,11
4045,12
4046,12
4047,11
4048,11
4049,9
4050,9
4051,9
4052,7
4053,9
4054,8
4055,8
4056,7
4057,9
4058,10
4059,10
4060,10
4061,7
4062,7
4063,7
4064,6
4065,9
4066,8
4067,8
4068,9
4069,10
4070,9
4071,9
4072,11
4073,10
4074,9
4075,10
4076,9
4077,8
4078,10
4079,8
4080,8
4081,10
4082,9
4083,10
4084,10
4085,10
4086,10
4087,10
4088,9
4089,9
4090,9
4091,11
4092,11
4093,12
4094,11
4095,10
4096,12
4097,13
4098,10
4099,13
4100,9
4101,8
4102,9
4103,11
4104,9
4105,10
4106,10
4107,7
4108,8
4109,8
4110,7
4111,8
4112,9
4113,11
4114,8
4115,8
4116,7
4117,11
4118,10
4119,9
4120,12
4121,10
4122,9
4123,10
4124,7
4125,9
4126,6
4127,8
4128,9
4129,10
4130,9
4131,9
4132,11
4133,9
4134,9
4135,8
4136,7
4137,8
4138,6
4139,11
4140,9
4141,8
4142,9
4143,8
4144,8
4145,11
4146,10
4147,11
4148,9
4149,10
4150,9
4151,12
4152,8
4153,10
4154,10
4155,10
4156,10
4157,11
4158,12
4159,11
4160,9
4161,9
4162,9
4163,9
4164,7
4165,10
4166,10
4167,10
4168,7
4169,8
4170,7
4171,7
4172,6
4173,5
4174,7
4175,8
4176,7
4177,9
4178,9
4179,7
4180,7
4181,9
4182,10
4183,8
4184,8
4185,8
4186,7
4187,9
4188,8
4189,7
4190,8
4191,7
4192,7
4193,8
4194,9
4195,9
4196,8
4197,10
4198,10
4199,9
4200,9
4201,9
4202,8
4203,9
4204,8
4205,8
4206,9
4207,9
4208,9
4209,9
4210,7
4211,8
4212,9
4213,7
4214,7
4215,6
4216,7
4217,7
4218,6
4219,6
4220,7
4221,6
4222,7
4223,8
4224,10
4225,11
4226,8
4227,9
4228,10
4229,10
4230,8
4231,9
4232,8
4233,9
4234,7
4235,7
4236,8
4237,8
4238,9
4239,8
4240,7
4241,8
4242,9
4243,10
4244,10
4245,10
4246,9
4247,9
4248,8
4249,11
4250,11
4251,9
4252,11
4253,11
4254,11
4255,12
4256,13
4257,12
4258,13
4259,12
4260,9
4261,11
4262,9
4263,11
4264,10
4265,8
4266,8
4267,8
4268,9
4269,7
4270,8
4271,7
4272,8
4273,9
4274,7
4275,8
4276,8
4277,9
4278,9
4279,8
4280,9
4281,8
4282,7
4283,10
4284,12
4285,9
4286,11
4287,10
4288,8
4289,8
4290,11
4291,11
4292,12
4293,11
4294,10
4295,10
4296,9
4297,9
4298,9
4299,9
4300,9
4301,10
4302,10
4303,10
4304,10
4305,10
4306,10
4307,10
4308,10
4309,11
4310,10
4311,10
4312,11
4313,10
4314,9
4315,9
4316,9
4317,11
4318,9
4319,11
4320,10
4321,10
4322,12
4323,11
4324,12
4325,10
4326,12
4327,13
4328,10
4329,12
4330,11
4331,12
4332,10
4333,12
4334,10
4335,10
4336,9
4337,11
4338,10
4339,9
4340,11
4341,9
4342,10
4343,11
4344,9
4345,11
4346,9
4347,8
4348,8
4349,10
4350,10
4351,10
4352,10
4353,8
4354,9
4355,7
4356,8
4357,11
4358,9
4359,8
4360,8
4361,8
4362,8
4363,9
4364,8
4365,9
4366,7
4367,7
4368,6
4369,6
4370,9
4371,8
4372,6
4373,7
4374,7
4375,8
4376,7
4377,9
4378,9
4379,10
4380,11
4381,12
4382,12
4383,12
4384,11
4385,12
4386,12
4387,10
4388,10
4389,9
4390,11
4391,10
4392,11
4393,10
4394,11
4395,9
4396,9
4397,10
4398,10
4399,10
4400,8
4401,7
4402,9
4403,7
4404,9
4405,12
4406,10
4407,10
4408,12
4409,11
4410,12
4411,12
4412,12
4413,10
4414,13
4415,10
4416,11
4417,11
4418,11
4419,12
4420,11
4421,13
4422,13
4423,12
4424,11
4425,9
4426,10
4427,8
4428,9
4429,7
4430,9
4431,8
4432,6
4433,7
4434,8
4435,7
4436,8
4437,8
4438,9
4439,7
4440,8
4441,9
4442,9
4443,6
4444,8
4445,6
4446,6
4447,6
4448,7
4449,7
4450,8
4451,11
4452,10
4453,11
4454,10
4455,12
4456,10
4457,9
4458,8
4459,8
4460,9
4461,9
4462,9
4463,8
4464,9
4465,10
4466,10
4467,10
4468,6
4469,9
4470,9
4471,8
4472,6
4473,8
4474,5
4475,5
4476,5
4477,5
4478,5
4479,7
4480,9
4481,8
4482,9
4483,10
4484,11
4485,9
4486,6
4487,8
4488,8
4489,7
4490,7
4491,7
4492,5
4493,9
4494,9
4495,9
4496,11
4497,12
4498,11
4499,10
4500,11
4501,10
4502,7
4503,9
4504,8
4505,9
4506,9
4507,9
4508,10
4509,8
4510,5
4511,11
4512,9
4513,11
4514,10
4515,9
4516,10
4517,9
4518,10
4519,8
4520,7
4521,10
4522,8
4523,10
4524,11
4525,11
4526,11
4527,11
4528,11
4529,11
4530,12
4531,11
4532,11
4533,13
4534,11
4535,11
4536,13
4537,13
4538,12
4539,11
4540,9
4541,10
4542,10
4543,10
4544,10
4545,10
4546,11
4547,11
4548,9
4549,13
4550,10
4551,10
4552,11
4553,10
4554,8
4555,7
4556,9
4557,7
4558,6
4559,8
4560,7
4561,10
4562,6
4563,9
4564,8
4565,6
4566,7
4567,9
4568,7
4569,6
4570,5
4571,7
4572,7
4573,9
4574,8
4575,7
4576,10
4577,7
4578,6
4579,7
4580,7
4581,6
4582,6
4583,6
4584,6
4585,7
4586,7
4587,6
4588,8
4589,6
4590,7
4591,6
4592,7
4593,9
4594,6
4595,7
4596,7
4597,9
4598,6
4599,8
4600,8
4601,8
4602,8
4603,11
4604,12
4605,12
4606,11
4607,13
4608,11
4609,11
4610,12
4611,12
4612,12
4613,12
4614,11
4615,11
4616,10
4617,9
4618,8
4619,10
4620,10
4621,11
4622,11
4623,9
4624,10
4625,8
4626,9
4627,9
4628,9
4629,9
4630,8
4631,10
4632,8
4633,10
4634,7
4635,10
4636,9
4637,10
4638,9
4639,10
4640,7
4641,9
4642,8
4643,9
4644,9
4645,9
4646,8
4647,6
4648,6
4649,8
4650,6
4651,5
4652,7
4653,9
4654,6
4655,9
4656,9
4657,7
4658,6
4659,6
4660,8
4661,7
4662,6
4663,7
4664,8
4665,6
4666,6
4667,6
4668,5
4669,6
4670,6
4671,4
4672,6
4673,6
4674,6
4675,8
4676,6
4677,7
4678,6
4679,7
4680,8
4681,9
4682,10
4683,8
4684,10
4685,9
4686,7
4687,7
4688,7
4689,10
4690,9
4691,11
4692,9
4693,9
4694,9
4695,9
4696,10
4697,9
4698,10
4699,11
4700,12
4701,12
4702,9
4703,11
4704,10
4705,11
4706,10
4707,10
4708,10
4709,12
4710,9
4711,10
4712,12
4713,10
4714,11
4715,11
4716,13
4717,14
4718,13
4719,13
4720,12
4721,12
4722,12
4723,11
4724,10
4725,10
4726,10
4727,11
4728,9
4729,11
4730,8
4731,10
4732,10
4733,11
4734,8
4735,8
4736,10
4737,9
4738,9
4739,8
4740,10
4741,10
4742,8
4743,10
4744,8
4745,8
4746,10
4747,10
4748,11
4749,12
4750,13
4751,12
4752,12
4753,14
4754,11
4755,10
4756,11
4757,10
4758,12
4759,10
4760,9
4761,8
4762,11
4763,12
4764,12
4765,11
4766,12
4767,10
4768,9
4769,10
4770,11
4771,8
4772,8
4773,7
4774,9
4775,8
4776,7
4777,7
4778,9
4779,5
4780,8
4781,7
4782,9
4783,8
4784,9
4785,9
4786,10
4787,10
4788,9
4789,9
4790,9
4791,10
4792,9
4793,9
4794,9
4795,10
4796,8
4797,9
4798,8
4799,7
4800,7
4801,10
4802,9
4803,10
4804,9
4805,9
4806,9
4807,9
4808,9
4809,9
4810,9
4811,10
4812,7
4813,11
4814,10
4815,10
4816,13
4817,11
4818,11
4819,11
4820,9
4821,8
4822,8
4823,10
4824,9
4825,10
4826,9
4827,9
4828,9
4829,8
4830,10
4831,10
4832,10
4833,9
4834,8
4835,9
4836,8
4837,9
4838,10
4839,9
4840,8
4841,10
4842,9
4843,10
4844,10
4845,10
4846,11
4847,9
4848,9
4849,11
4850,11
4851,8
4852,7
4853,8
4854,9
4855,9
4856,11
4857,10
4858,10
4859,11
4860,11
4861,11
4862,10
4863,11
4864,9
4865,11
4866,9
4867,10
4868,8
4869,7
4870,7
4871,7
4872,9
4873,10
4874,10
4875,10
4876,12
4877,9
4878,8
4879,9
4880,9
4881,8
4882,11
4883,10
4884,10
4885,12
4886,12
4887,13
4888,13
4889,11
4890,12
4891,10
4892,10
4893,12
4894,10
4895,12
4896,10
4897,11
4898,12
4899,12
4900,11
4901,12
4902,12
4903,13
4904,13
4905,14
4906,13
4907,12
4908,11
4909,12
4910,11
4911,10
4912,11
4913,10
4914,12
4915,13
4916,13
4917,14
4918,12
4919,13
4920,12
4921,13
4922,15
4923,13
4924,12
4925,13
4926,13
4927,12
4928,13
4929,12
4930,13
4931,12
4932,12
4933,12
4934,12
4935,12
4936,12
4937,12
4938,11
4939,11
4940,11
4941,11
4942,11
4943,10
4944,11
4945,11
4946,11
4947,12
4948,9
4949,11
4950,11
4951,11
4952,12
4953,11
4954,10
4955,11
4956,11
4957,11
4958,11
4959,10
4960,11
4961,10
4962,10
4963,12
4964,11
4965,12
4966,12
4967,10
4968,12
4969,11
4970,12
4971,14
4972,12
4973,11
4974,14
4975,14
4976,12
4977,11
4978,13
4979,13
4980,12
4981,11
4982,11
4983,11
4984,12
4985,12
4986,12
4987,10
4988,12
4989,10
4990,9
4991,10
4992,10
4993,10
4994,10
4995,10
4996,10
4997,10
4998,9
4999,11
5000,10
5001,9
5002,10
5003,10
5004,11
5005,9
5006,10
5007,9
5008,9
5009,9
5010,10
5011,8
5012,10
5013,10
5014,9
5015,8
5016,8
5017,8
5018,9
5019,10
5020,9
5021,8
5022,9
5023,9
5024,9
5025,8
5026,8
5027,6
5028,8
5029,9
5030,10
5031,11
5032,9
5033,8
5034,6
5035,7
5036,7
5037,9
5038,10
5039,7
5040,7
5041,10
5042,8
5043,8
5044,9
5045,8
5046,7
5047,9
5048,8
5049,8
5050,7
5051,6
5052,3
5053,10
5054,7
5055,8
5056,7
5057,7
5058,6
5059,8
5060,8
5061,10
5062,8
5063,8
5064,9
5065,9
5066,9
5067,10
5068,10
5069,10
5070,7
5071,9
5072,10
5073,9
5074,10
5075,10
5076,9
5077,10
5078,10
5079,10
5080,9
5081,11
5082,9
5083,10
5084,10
5085,11
5086,10
5087,11
5088,12
5089,11
5090,9
5091,9
5092,7
5093,9
5094,7
5095,9
5096,8
5097,9
5098,7
5099,10
5100,8
5101,11
5102,8
5103,8
5104,8
5105,11
5106,8
5107,10
5108,8
5109,8
5110,7
5111,8
5112,9
5113,12
5114,9
5115,9
5116,9
5117,10
5118,9
5119,7
5120,7
5121,12
5122,11
5123,8
5124,9
5125,9
5126,9
5127,9
5128,9
5129,8
5130,11
5131,8
5132,9
5133,9
5134,8
5135,9
5136,8
5137,8
5138,7
5139,9
5140,11
5141,9
5142,10
5143,10
5144,8
5145,9
5146,10
5147,8
5148,8
5149,9
5150,8
5151,9
5152,8
5153,8
5154,11
5155,10
5156,7
5157,9
5158,10
5159,9
5160,9
5161,10
5162,10
5163,10
5164,11
5165,11
5166,10
5167,12
5168,10
5169,10
5170,10
5171,11
5172,9
5173,11
5174,11
5175,10
5176,9
5177,9
5178,9
5179,9
5180,10
5181,10
5182,10
5183,9
5184,10
5185,11
5186,10
5187,9
5188,9
5189,9
5190,8
5191,10
5192,11
5193,11
5194,11
5195,10
5196,10
5197,11
5198,10
5199,10
5200,10
5201,10
5202,11
5203,9
5204,10
5205,9
5206,9
5207,10
5208,10
5209,11
5210,9
5211,13
5212,11
5213,10
5214,10
5215,8
5216,7
5217,10
5218,9
5219,9
5220,9
5221,10
5222,9
5223,9
5224,9
5225,10
5226,9
5227,10
5228,8
5229,9
5230,11
5231,10
5232,11
5233,9
5234,14
5235,10
5236,11
5237,11
5238,10
5239,11
5240,10
5241,9
5242,9
5243,10
5244,10
5245,10
5246,10
5247,9
5248,11
5249,10
5250,9
5251,10
5252,10
5253,11
5254,10
5255,11
5256,9
5257,10
5258,9
5259,11
5260,7
5261,8
5262,8
5263,9
5264,9
5265,9
5266,8
5267,7
5268,8
5269,9
5270,9
5271,8
5272,10
5273,9
5274,8
5275,10
5276,9
5277,9
5278,10
5279,11
5280,10
5281,8
5282,11
5283,10
5284,10
5285,10
5286,9
5287,13
5288,9
5289,11
5290,11
5291,12
5292,12
5293,12
5294,12
5295,12
5296,12
5297,10
5298,9
5299,9
5300,9
5301,9
5302,9
5303,9
5304,12
5305,11
5306,10
5307,11
5308,10
5309,11
5310,12
5311,13
5312,14
5313,11
5314,13
5315,13
5316,10
5317,14
5318,11
5319,11
5320,9
5321,11
5322,8
5323,10
5324,10
5325,11
5326,8
5327,10
5328,10
5329,10
5330,9
5331,10
5332,9
5333,9
5334,9
5335,9
5336,11
5337,10
5338,10
5339,8
5340,9
5341,10
5342,9
5343,8
5344,7
5345,7
5346,7
5347,7
5348,7
5349,8
5350,7
5351,7
5352,7
5353,7
5354,8
5355,7
5356,7
5357,8
5358,8
5359,9
5360,9
5361,9
5362,10
5363,11
5364,9
5365,11
5366,8
5367,9
5368,9
5369,8
5370,9
5371,9
5372,8
5373,8
5374,8
5375,8
5376,8
5377,9
5378,11
5379,8
5380,6
5381,8
5382,8
5383,8
5384,8
5385,9
5386,10
5387,8
5388,9
5389,8
5390,9
5391,12
5392,11
5393,11
5394,9
5395,10
5396,10
5397,7
5398,8
5399,11
5400,11
5401,11
5402,11
5403,12
5404,9
5405,10
5406,8
5407,8
5408,9
5409,9
5410,9
5411,8
5412,8
5413,12
5414,13
5415,9
5416,8
5417,9
5418,9
5419,8
5420,8
5421,7
5422,7
5423,9
5424,8
5425,10
5426,9
5427,10
5428,5
5429,9
5430,10
5431,9
5432,9
5433,9
5434,8
5435,9
5436,8
5437,8
5438,8
5439,8
5440,7
5441,9
5442,9
5443,9
5444,10
5445,10
5446,9
5447,10
5448,10
5449,9
5450,9
5451,9
5452,10
5453,9
5454,11
5455,6
5456,7
5457,10
5458,10
5459,8
5460,7
5461,8
5462,9
5463,9
5464,8
5465,8
5466,10
5467,8
5468,8
5469,9
5470,10
5471,10
5472,9
5473,10
5474,9
5475,7
5476,6
5477,6
5478,7
5479,8
5480,10
5481,8
5482,8
5483,8
5484,7
5485,9
5486,6
5487,5
5488,5
5489,4
5490,7
5491,5
5492,6
5493,7
5494,6
5495,4
5496,6
5497,7
5498,8
5499,8
5500,5
5501,6
5502,5
5503,4
5504,5
5505,7
5506,6
5507,8
5508,8
5509,8
5510,11
5511,9
5512,7
5513,9
5514,6
5515,9
5516,7
5517,8
5518,10
5519,11
5520,10
5521,11
5522,10
5523,12
5524,11
5525,12
5526,13
5527,13
5528,10
5529,12
5530,12
5531,8
5532,9
5533,11
5534,11
5535,10
5536,11
5537,11
5538,8
5539,8
5540,8
5541,9
5542,7
5543,9
5544,8
5545,10
5546,9
5547,11
5548,8
5549,9
5550,8
5551,7
5552,6
5553,8
5554,5
5555,6
5556,5
5557,7
5558,6
5559,5
5560,8
5561,8
5562,8
5563,7
5564,8
5565,8
5566,10
5567,11
5568,10
5569,12
5570,13
5571,11
5572,8
5573,9
5574,10
5575,9
5576,10
5577,11
5578,11
5579,9
5580,11
5581,12
5582,13
5583,11
5584,10
5585,13
5586,11
5587,11
5588,11
5589,11
5590,11
5591,11
5592,12
5593,12
5594,9
5595,12
5596,12
5597,14
5598,13
5599,11
5600,11
5601,10
5602,12
5603,12
5604,12
5605,12
5606,11
5607,10
5608,11
5609,11
5610,12
5611,10
5612,10
5613,11
5614,12
5615,11
5616,9
5617,10
5618,10
5619,9
5620,10
5621,9
5622,10
5623,9
5624,9
5625,9
5626,9
5627,10
5628,11
5629,11
5630,10
5631,9
5632,11
5633,10
5634,9
5635,7
5636,7
5637,8
5638,9
5639,8
5640,8
5641,9
5642,8
5643,8
5644,9
5645,8
5646,8
5647,7
5648,9
5649,11
5650,13
5651,7
5652,12
5653,10
5654,10
5655,10
5656,10
5657,10
5658,11
5659,11
5660,13
5661,10
5662,10
5663,11
5664,12
5665,11
5666,13
5667,8
5668,10
5669,13
5670,11
5671,10
5672,12
5673,11
5674,12
5675,10
5676,13
5677,11
5678,11
5679,13
5680,12
5681,11
5682,13
5683,11
5684,12
5685,11
5686,10
5687,10
5688,8
5689,13
5690,7
5691,7
5692,11
5693,11
5694,9
5695,12
5696,9
5697,11
5698,10
5699,8
5700,7
5701,11
5702,10
5703,10
5704,8
5705,11
5706,9
5707,10
5708,8
5709,7
5710,8
5711,9
5712,7
5713,10
5714,10
5715,9
5716,9
5717,8
5718,9
5719,11
5720,9
5721,10
5722,8
5723,8
5724,7
5725,9
5726,7
5727,10
5728,9
5729,9
5730,11
5731,12
5732,12
5733,12
5734,12
5735,12
5736,11
5737,11
5738,11
5739,10
5740,11
5741,10
5742,8
5743,11
5744,10
5745,10
5746,11
5747,12
5748,9
5749,13
5750,12
5751,10
5752,11
5753,11
5754,11
5755,10
5756,11
5757,10
5758,11
5759,10
5760,12
5761,12
5762,9
5763,12
5764,9
5765,10
5766,9
5767,11
5768,11
5769,10
5770,9
5771,11
5772,10
5773,11
5774,10
5775,10
5776,9
5777,9
5778,10
5779,7
5780,8
5781,9
5782,11
5783,10
5784,13
5785,13
5786,11
5787,12
5788,11
5789,9
5790,9
5791,10
5792,8
5793,8
5794,11
5795,10
5796,10
5797,11
5798,9
5799,8
5800,10
5801,9
5802,10
5803,8
5804,8
5805,8
5806,8
5807,8
5808,10
5809,9
5810,9
5811,8
5812,10
5813,8
5814,9
5815,9
5816,10
5817,8
5818,10
5819,10
5820,9
5821,9
5822,9
5823,6
5824,9
5825,8
5826,7
5827,9
5828,8
5829,9
5830,8
5831,9
5832,9
5833,9
5834,7
5835,8
5836,8
5837,10
5838,10
5839,10
5840,10
5841,11
5842,11
5843,12
5844,10
5845,10
5846,10
5847,10
5848,11
5849,13
5850,9
5851,11
5852,9
5853,8
5854,10
5855,10
5856,10
5857,10
5858,10
5859,11
5860,9
5861,10
5862,9
5863,12
5864,9
5865,10
5866,11
5867,10
5868,9
5869,11
5870,10
5871,10
5872,9
5873,7
5874,9
5875,8
5876,9
5877,10
5878,9
5879,11
5880,11
5881,10
5882,9
5883,10
5884,10
5885,8
5886,8
5887,9
5888,9
5889,8
5890,7
5891,8
5892,7
5893,9
5894,8
5895,8
5896,8
5897,9
5898,8
5899,9
5900,9
5901,9
5902,9
5903,10
5904,8
5905,9
5906,10
5907,10
5908,12
5909,12
5910,12
5911,12
5912,11
5913,11
5914,11
5915,10
5916,12
5917,12
5918,12
5919,12
5920,11
5921,10
5922,11
5923,10
5924,12
5925,11
5926,10
5927,10
5928,11
5929,12
5930,11
5931,11
5932,12
5933,11
5934,10
5935,11
5936,11
5937,12
5938,10
5939,11
5940,11
5941,12
5942,11
5943,12
5944,11
5945,11
5946,11
5947,11
5948,8
5949,7
5950,8
5951,7
5952,9
5953,11
5954,9
5955,7
5956,10
5957,5
5958,7
5959,9
5960,10
5961,11
5962,10
5963,9
5964,9
5965,10
5966,10
5967,10
5968,10
5969,9
5970,10
5971,9
5972,8
5973,12
5974,11
5975,8
5976,7
5977,13
5978,13
5979,8
5980,10
5981,8
5982,10
5983,10
5984,10
5985,8
5986,9
5987,8
5988,7
5989,7
5990,7
5991,6
5992,7
5993,7
5994,6
5995,7
5996,8
5997,8
5998,10
5999,9
6000,10
6001,7
6002,8
6003,9
6004,11
6005,10
6006,12
6007,10
6008,11
6009,11
6010,10
6011,11
6012,11
6013,11
6014,11
6015,10
6016,11
6017,10
6018,9
6019,9
6020,11
6021,11
6022,10
6023,10
6024,11
6025,12
6026,11
6027,12
6028,13
6029,11
6030,12
6031,10
6032,13
6033,12
6034,11
6035,14
6036,11
6037,11
6038,14
6039,12
6040,12
6041,13
6042,12
6043,11
6044,12
6045,11
6046,11
6047,10
6048,11
6049,12
6050,11
6051,10
6052,11
6053,9
6054,11
6055,11
6056,10
6057,11
6058,10
6059,10
6060,9
6061,11
6062,12
6063,11
6064,11
6065,9
6066,9
6067,9
6068,9
6069,7
6070,9
6071,6
6072,9
6073,7
6074,7
6075,8
6076,8
6077,9
6078,9
6079,8
6080,9
6081,10
6082,10
6083,8
6084,8
6085,10
6086,10
6087,10
6088,11
6089,11
6090,9
6091,13
6092,11
6093,11
6094,10
6095,10
6096,10
6097,10
6098,11
6099,8
6100,11
6101,10
6102,7
6103,8
6104,9
6105,11
6106,11
6107,11
6108,10
6109,10
6110,9
6111,7
6112,10
6113,9
6114,7
6115,6
6116,7
6117,8
6118,11
6119,10
6120,9
6121,10
6122,10
6123,8
6124,10
6125,8
6126,10
6127,10
6128,10
6129,10
6130,12
6131,11
6132,11
6133,13
6134,12
6135,10
6136,13
6137,12
6138,13
6139,12
6140,13
6141,13
6142,13
6143,13
6144,13
6145,13
6146,16
6147,13
6148,13
6149,14
6150,13
6151,14
6152,13
6153,11
6154,12
6155,11
6156,12
6157,11
6158,11
6159,12
6160,11
6161,11
6162,12
6163,10
6164,10
6165,11
6166,11
6167,12
6168,12
6169,12
6170,12
6171,12
6172,12
6173,11
6174,13
6175,12
6176,10
6177,11
6178,11
6179,10
6180,11
6181,12
6182,13
6183,13
6184,12
6185,12
6186,11
6187,11
6188,10
6189,10
6190,10
6191,9
6192,9
6193,9
6194,8
6195,8
6196,9
6197,10
6198,10
6199,9
6200,7
6201,8
6202,10
6203,8
6204,7
6205,7
6206,9
6207,8
6208,9
6209,8
6210,9
6211,9
6212,10
6213,9
6214,9
6215,8
6216,8
6217,9
6218,10
6219,11
6220,10
6221,10
6222,10
6223,10
6224,10
6225,12
6226,10
6227,8
6228,10
6229,9
6230,8
6231,9
6232,7
6233,8
6234,10
6235,10
6236,8
6237,13
6238,12
6239,13
6240,13
6241,11
6242,11
6243,12
6244,10
6245,9
6246,7
6247,11
6248,9
6249,10
6250,11
6251,11
6252,9
6253,11
6254,12
6255,10
6256,12
6257,12
6258,12
6259,12
6260,12
6261,12
6262,10
6263,11
6264,11
6265,11
6266,11
6267,9
6268,9
6269,11
6270,10
6271,9
6272,9
6273,7
6274,9
6275,7
6276,7
6277,5
6278,6
6279,9
6280,8
6281,8
6282,7
6283,9
6284,9
6285,11
6286,10
6287,10
6288,8
6289,9
6290,9
6291,9
6292,12
6293,10
6294,9
6295,10
6296,9
6297,9
6298,9
6299,10
6300,8
6301,10
6302,9
6303,10
6304,10
6305,9
6306,8
6307,11
6308,11
6309,11
6310,10
6311,10
6312,11
6313,11
6314,11
6315,12
6316,11
6317,11
6318,12
6319,10
6320,10
6321,10
6322,10
6323,10
6324,9
6325,11
6326,8
6327,11
6328,9
6329,8
6330,9
6331,8
6332,7
6333,8
6334,9
6335,9
6336,9
6337,10
6338,11
6339,9
6340,8
6341,8
6342,9
6343,9
6344,10
6345,8
6346,7
6347,9
6348,8
6349,9
6350,9
6351,9
6352,11
6353,12
6354,11
6355,8
6356,9
6357,9
6358,8
6359,9
6360,8
6361,10
6362,10
6363,10
6364,10
6365,9
6366,8
6367,9
6368,7
6369,7
6370,8
6371,9
6372,7
6373,8
6374,10
6375,10
6376,10
6377,9
6378,10
6379,9
6380,8
6381,10
6382,7
6383,9
6384,8
6385,9
6386,9
6387,8
6388,9
6389,11
6390,8
6391,9
6392,11
6393,12
6394,11
6395,10
6396,12
6397,8
6398,9
6399,7
6400,10
6401,10
6402,7
6403,10
6404,9
6405,9
6406,9
6407,8
6408,7
6409,8
6410,8
6411,9
6412,8
6413,5
6414,9
6415,11
6416,8
6417,9
6418,9
6419,8
6420,8
6421,10
6422,10
6423,9
6424,10
6425,8
6426,11
6427,8
6428,9
6429,8
6430,9
6431,9
6432,8
6433,8
6434,9
6435,10
6436,11
6437,12
6438,8
6439,9
6440,7
6441,9
6442,9
6443,9
6444,8
6445,10
6446,9
6447,11
6448,11
6449,10
6450,11
6451,11
6452,12
6453,10
6454,12
6455,11
6456,11
6457,12
6458,11
6459,11
6460,9
6461,11
6462,9
6463,10
6464,10
6465,12
6466,10
6467,11
6468,10
6469,13
6470,12
6471,10
6472,8
6473,8
6474,8
6475,8
6476,10
6477,9
6478,9
6479,9
6480,9
6481,11
6482,10
6483,12
6484,10
6485,10
6486,12
6487,12
6488,9
6489,10
6490,12
6491,12
6492,11
6493,11
6494,11
6495,10
6496,10
6497,10
6498,11
6499,10
6500,8
6501,9
6502,12
6503,10
6504,10
6505,12
6506,9
6507,8
6508,8
6509,7
6510,8
6511,10
6512,9
6513,8
6514,10
6515,6
6516,8
6517,8
6518,8
6519,8
6520,10
6521,11
6522,10
6523,11
6524,6
6525,8
6526,8
6527,9
6528,11
6529,11
6530,11
6531,9
6532,10
6533,11
6534,12
6535,11
6536,12
6537,11
6538,12
6539,12
6540,12
6541,12
6542,12
6543,11
6544,12
6545,12
6546,12
6547,12
6548,12
6549,12
6550,12
6551,11
6552,12
6553,12
6554,12
6555,12
6556,13
6557,12
6558,12
6559,12
6560,7
6561,10
6562,8
6563,8
6564,8
6565,9
6566,8
6567,10
6568,11
6569,10
6570,9
6571,11
6572,12
6573,13
6574,10
6575,9
6576,11
6577,12
6578,12
6579,12
6580,12
6581,12
6582,11
6583,13
6584,10
6585,8
6586,8
6587,10
6588,10
6589,10
6590,9
6591,10
6592,9
6593,11
6594,9
6595,8
6596,10
6597,9
6598,8
6599,9
6600,8
6601,9
6602,10
6603,11
6604,12
6605,10
6606,13
6607,9
6608,11
6609,9
6610,11
6611,11
6612,9
6613,11
6614,10
6615,10
6616,11
6617,11
6618,11
6619,9
6620,10
6621,10
6622,11
6623,10
6624,10
6625,11
6626,8
6627,10
6628,11
6629,11
6630,10
6631,10
6632,10
6633,11
6634,12
6635,11
6636,11
6637,11
6638,11
6639,14
6640,10
6641,13
6642,13
6643,10
6644,12
6645,10
6646,11
6647,10
6648,9
6649,11
6650,13
6651,11
6652,11
6653,10
6654,11
6655,9
6656,10
6657,10
6658,10
6659,11
6660,11
6661,10
6662,9
6663,9
6664,13
6665,10
6666,10
6667,12
6668,11
6669,11
6670,11
6671,8
6672,8
6673,8
6674,9
6675,8
6676,9
6677,10
6678,9
6679,8
6680,7
6681,9
6682,8
6683,6
6684,8
6685,6
6686,6
6687,8
6688,8
6689,9
6690,8
6691,7
6692,5
6693,8
6694,7
6695,8
6696,9
6697,8
6698,8
6699,8
6700,8
6701,10
6702,9
6703,9
6704,7
6705,7
6706,7
6707,8
6708,7
6709,10
6710,9
6711,8
6712,7
6713,8
6714,8
6715,8
6716,8
6717,8
6718,8
6719,8
6720,8
6721,8
6722,8
6723,8
6724,8
6725,7
6726,10
6727,10
6728,10
6729,11
6730,11
6731,11
6732,10
6733,12
6734,12
6735,12
6736,9
6737,9
6738,10
6739,11
6740,10
6741,11
6742,11
6743,11
6744,10
6745,12
6746,11
6747,12
6748,11
6749,11
6750,11
6751,11
6752,11
6753,12
6754,11
6755,10
6756,11
6757,11
6758,10
6759,13
6760,13
6761,11
6762,8
6763,9
6764,10
6765,10
6766,8
6767,9
6768,11
6769,12
6770,13
6771,12
6772,12
6773,12
6774,12
6775,12
6776,12
6777,12
6778,10
6779,12
6780,11
6781,12
6782,12
6783,10
6784,9
6785,11
6786,9
6787,11
6788,10
6789,8
6790,9
6791,8
6792,8
6793,8
6794,7
6795,8
6796,7
6797,8
6798,10
6799,9
6800,9
6801,10
6802,10
6803,9
6804,9
6805,9
6806,7
6807,9
6808,10
6809,8
6810,9
6811,7
6812,8
6813,9
6814,10
6815,10
6816,11
6817,11
6818,9
6819,10
6820,10
6821,8
6822,8
6823,10
6824,10
6825,12
6826,10
6827,11
6828,10
6829,12
6830,9
6831,9
6832,10
6833,9
6834,11
6835,11
6836,9
6837,12
6838,10
6839,12
6840,12
6841,12
6842,11
6843,11
6844,11
6845,11
6846,10
6847,11
6848,10
6849,9
6850,9
6851,10
6852,10
6853,10
6854,9
6855,10
6856,10
6857,10
6858,11
6859,11
6860,12
6861,11
6862,10
6863,11
6864,10
6865,10
6866,11
6867,11
6868,9
6869,12
6870,11
6871,10
6872,11
6873,11
6874,9
6875,10
6876,10
6877,10
6878,10
6879,11
6880,9
6881,10
6882,9
6883,9
6884,11
6885,11
6886,9
6887,10
6888,9
6889,10
6890,9
6891,10
6892,11
6893,11
6894,11
6895,9
6896,9
6897,11
6898,9
6899,10
6900,10
6901,11
6902,11
6903,10
6904,8
6905,8
6906,7
6907,8
6908,7
6909,6
6910,6
6911,6
6912,6
6913,8
6914,9
6915,8
6916,8
6917,10
6918,9
6919,9
6920,9
6921,9
6922,8
6923,9
6924,6
6925,9
6926,10
6927,9
6928,8
6929,6
6930,9
6931,8
6932,9
6933,7
6934,7
6935,8
6936,9
6937,10
6938,8
6939,6
6940,9
6941,9
6942,9
6943,9
6944,6
6945,7
6946,8
6947,10
6948,7
6949,10
6950,9
6951,10
6952,8
6953,10
6954,11
6955,10
6956,8
6957,8
6958,8
6959,9
6960,7
6961,9
6962,10
6963,7
6964,10
6965,9
6966,8
6967,7
6968,7
6969,9
6970,8
6971,8
6972,11
6973,11
6974,11
6975,10
6976,9
6977,10
6978,8
6979,9
6980,9
6981,9
6982,8
6983,7
6984,7
6985,8
6986,7
6987,6
6988,6
6989,6
6990,6
6991,6
6992,8
6993,8
6994,6
6995,8
6996,9
6997,9
6998,11
6999,11
7000,10
7001,9
7002,10
7003,10
7004,9
7005,10
7006,8
7007,12
7008,11
7009,12
7010,13
7011,11
7012,10
7013,12
7014,11
7015,10
7016,11
7017,11
7018,11
7019,10
7020,11
7021,11
7022,10
7023,10
7024,12
7025,13
7026,12
7027,14
7028,13
7029,12
7030,12
7031,12
7032,13
7033,12
7034,12
7035,12
7036,12
7037,11
7038,10
7039,8
7040,10
7041,10
7042,10
7043,12
7044,8
7045,12
7046,12
7047,12
7048,11
7049,11
7050,11
7051,10
7052,10
7053,9
7054,10
7055,11
7056,8
7057,9
7058,9
7059,8
7060,9
7061,9
7062,10
7063,9
7064,8
7065,12
7066,9
7067,11
7068,12
7069,10
7070,10
7071,8
7072,7
7073,8
7074,8
7075,9
7076,9
7077,8
7078,8
7079,10
7080,8
7081,11
7082,10
7083,8
7084,10
7085,11
7086,11
7087,7
7088,8
7089,8
7090,8
7091,9
7092,7
7093,9
7094,8
7095,7
7096,9
7097,8
7098,8
7099,6
7100,9
7101,9
7102,9
7103,10
7104,10
7105,9
7106,9
7107,9
7108,9
7109,9
7110,8
7111,9
7112,9
7113,8
7114,8
7115,8
7116,5
7117,9
7118,9
7119,7
7120,9
7121,10
7122,10
7123,9
7124,8
7125,7
7126,10
7127,12
7128,10
7129,10
7130,10
7131,10
7132,12
7133,11
7134,12
7135,11
7136,11
7137,10
7138,10
7139,10
7140,10
7141,10
7142,10
7143,11
7144,12
7145,11
7146,11
7147,12
7148,11
7149,9
7150,8
7151,11
7152,8
7153,9
7154,9
7155,9
7156,8
7157,7
7158,8
7159,8
7160,10
7161,9
7162,9
7163,10
7164,9
7165,10
7166,8
7167,8
7168,9
7169,7
7170,9
7171,8
7172,9
7173,9
7174,9
7175,10
7176,9
7177,9
7178,12
7179,11
7180,12
7181,12
7182,11
7183,11
7184,10
7185,11
7186,11
7187,13
7188,14
7189,13
7190,11
7191,12
7192,11
7193,11
7194,10
7195,10
7196,8
7197,10
7198,9
7199,9
7200,10
7201,9
7202,9
7203,8
7204,8
7205,9
7206,9
7207,8
7208,8
7209,10
7210,10
7211,11
7212,10
7213,11
7214,12
7215,10
7216,11
7217,12
7218,10
7219,8
7220,8
7221,11
7222,14
7223,14
7224,13
7225,12
7226,12
7227,11
7228,9
7229,12
7230,12
7231,10
7232,11
7233,12
7234,13
7235,13
7236,12
7237,13
7238,12
7239,14
7240,13
7241,11
7242,13
7243,11
7244,9
7245,9
7246,7
7247,6
7248,8
7249,8
7250,7
7251,8
7252,9
7253,9
7254,11
7255,8
7256,9
7257,10
7258,10
7259,11
7260,9
7261,9
7262,9
7263,10
7264,10
7265,11
7266,11
7267,11
7268,10
7269,7
7270,9
7271,11
7272,9
7273,10
7274,10
7275,10
7276,10
7277,11
7278,10
7279,8
7280,9
7281,7
7282,8
7283,8
7284,7
7285,7
7286,8
7287,7
7288,9
7289,9
7290,7
7291,9
7292,11
7293,10
7294,10
7295,11
7296,9
7297,10
7298,8
7299,7
7300,7
7301,7
7302,7
7303,8
7304,8
7305,10
7306,8
7307,8
7308,9
7309,11
7310,7
7311,8
7312,10
7313,10
7314,11
7315,11
7316,11
7317,11
7318,10
7319,11
7320,11
7321,11
7322,12
7323,11
7324,11
7325,10
7326,8
7327,13
7328,11
7329,8
7330,9
7331,9
7332,10
7333,10
7334,10
7335,9
7336,9
7337,9
7338,8
7339,9
7340,9
7341,8
7342,10
7343,9
7344,8
7345,10
7346,8
7347,8
7348,9
7349,7
7350,8
7351,10
7352,10
7353,8
7354,8
7355,8
7356,6
7357,11
7358,9
7359,11
7360,12
7361,12
7362,11
7363,12
7364,12
7365,10
7366,10
7367,10
7368,10
7369,10
7370,11
7371,11
7372,11
7373,10
7374,10
7375,11
7376,9
7377,9
7378,9
7379,10
7380,12
7381,11
7382,13
7383,12
7384,13
7385,7
7386,11
7387,11
7388,9
7389,11
7390,11
7391,11
7392,9
7393,12
7394,12
7395,10
7396,9
7397,10
7398,10
7399,12
7400,13
7401,12
7402,11
7403,9
7404,11
7405,12
7406,12
7407,13
7408,13
7409,12
7410,11
7411,10
7412,11
7413,12
7414,10
7415,11
7416,12
7417,11
7418,11
7419,11
7420,10
7421,11
7422,14
7423,9
7424,11
7425,11
7426,10
7427,9
7428,12
7429,10
7430,10
7431,11
7432,10
7433,8
7434,10
7435,11
7436,11
7437,10
7438,12
7439,11
7440,10
7441,11
7442,10
7443,11
7444,12
7445,11
7446,8
7447,10
7448,11
7449,11
7450,11
7451,10
7452,8
7453,10
7454,11
7455,10
7456,10
7457,9
7458,8
7459,9
7460,8
7461,11
7462,8
7463,10
7464,12
7465,13
7466,10
7467,12
7468,11
7469,11
7470,13
7471,12
7472,13
7473,11
7474,13
7475,10
7476,11
7477,10
7478,10
7479,10
7480,9
7481,9
7482,10
7483,10
7484,10
7485,10
7486,11
7487,9
7488,10
7489,11
7490,11
7491,10
7492,11
7493,9
7494,10
7495,10
7496,10
7497,10
7498,8
7499,8
7500,10
7501,8
7502,7
7503,8
7504,5
7505,6
7506,8
7507,11
7508,6
7509,9
7510,7
7511,10
7512,8
7513,9
7514,10
7515,9
7516,9
7517,10
7518,9
7519,7
7520,7
7521,6
7522,7
7523,8
7524,8
7525,7
7526,7
7527,7
7528,8
7529,8
7530,9
7531,8
7532,8
7533,10
7534,9
7535,9
7536,8
7537,9
7538,8
7539,9
7540,8
7541,7
7542,8
7543,9
7544,7
7545,8
7546,9
7547,9
7548,9
7549,10
7550,10
7551,8
7552,8
7553,9
7554,10
7555,8
7556,9
7557,10
7558,9
7559,10
7560,8
7561,10
7562,10
7563,9
7564,9
7565,12
7566,13
7567,12
7568,12
7569,12
7570,13
7571,12
7572,13
7573,12
7574,14
7575,14
7576,13
7577,15
7578,13
7579,10
7580,11
7581,14
7582,14
7583,13
7584,11
7585,11
7586,12
7587,12
7588,11
7589,12
7590,13
7591,11
7592,11
7593,13
7594,10
7595,12
7596,8
7597,9
7598,13
7599,11
7600,11
7601,10
7602,11
7603,11
7604,11
7605,12
7606,12
7607,13
7608,13
7609,12
7610,14
7611,11
7612,10
7613,11
7614,12
7615,12
7616,12
7617,12
7618,8
7619,10
7620,10
7621,10
7622,11
7623,11
7624,10
7625,12
7626,10
7627,11
7628,11
7629,10
7630,8
7631,12
7632,7
7633,9
7634,12
7635,10
7636,8
7637,8
7638,8
7639,8
7640,8
7641,7
7642,8
7643,7
7644,6
7645,9
7646,9
7647,8
7648,11
7649,12
7650,10
7651,10
7652,11
7653,12
7654,10
7655,11
7656,12
7657,12
7658,10
7659,10
7660,10
7661,10
7662,11
7663,12
7664,11
7665,9
7666,11
7667,13
7668,11
7669,11
7670,11
7671,9
7672,10
7673,11
7674,11
7675,9
7676,13
7677,13
7678,13
7679,12
7680,13
7681,15
7682,13
7683,12
7684,13
7685,7
7686,10
7687,9
7688,7
7689,7
7690,8
7691,11
7692,9
7693,12
7694,10
7695,10
7696,8
7697,9
7698,9
7699,8
7700,8
7701,11
7702,9
7703,8
7704,6
7705,9
7706,7
7707,6
7708,7
7709,6
7710,8
7711,8
7712,6
7713,9
7714,6
7715,7
7716,7
7717,6
7718,9
7719,7
7720,8
7721,10
7722,9
7723,10
7724,9
7725,9
7726,9
7727,8
7728,7
7729,9
7730,8
7731,9
7732,9
7733,9
7734,7
7735,8
7736,8
7737,6
7738,8
7739,7
7740,8
7741,8
7742,5
7743,8
7744,6
7745,8
7746,9
7747,8
7748,8
7749,9
7750,9
7751,8
7752,6
7753,6
7754,6
7755,5
7756,6
7757,5
7758,6
7759,10
7760,6
7761,8
7762,8
7763,9
7764,8
7765,10
7766,10
7767,10
7768,9
7769,7
7770,7
7771,8
7772,8
7773,8
7774,7
7775,8
7776,8
7777,9
7778,8
7779,8
7780,7
7781,7
7782,7
7783,7
7784,6
7785,7
7786,7
7787,7
7788,8
7789,9
7790,10
7791,10
7792,8
7793,9
7794,7
7795,9
7796,9
7797,8
7798,8
7799,9
7800,9
7801,10
7802,10
7803,10
7804,7
7805,10
7806,11
7807,9
7808,8
7809,10
7810,9
7811,10
7812,10
7813,11
7814,10
7815,10
7816,10
7817,12
7818,12
7819,11
7820,12
7821,10
7822,10
7823,11
7824,12
7825,10
7826,12
7827,10
7828,10
7829,10
7830,12
7831,11
7832,12
7833,12
7834,11
7835,13
7836,10
7837,10
7838,10
7839,11
7840,12
7841,10
7842,11
7843,13
7844,12
7845,13
7846,13
7847,13
7848,10
7849,9
7850,11
7851,11
7852,8
7853,10
7854,9
7855,10
7856,10
7857,11
7858,9
7859,8
7860,10
7861,10
7862,9
7863,11
7864,10
7865,8
7866,10
7867,10
7868,12
7869,10
7870,12
7871,12
7872,13
7873,17
7874,15
7875,14
7876,13
7877,14
7878,13
7879,13
7880,12
7881,14
7882,12
7883,11
7884,10
7885,11
7886,11
7887,10
7888,11
7889,11
7890,8
7891,11
7892,12
7893,10
7894,11
7895,10
7896,10
7897,14
7898,12
7899,13
7900,12
7901,11
7902,10
7903,8
7904,9
7905,7
7906,7
7907,9
7908,8
7909,8
7910,9
7911,8
7912,9
7913,8
7914,9
7915,8
7916,9
7917,8
7918,8
7919,10
7920,7
7921,9
7922,9
7923,10
7924,10
7925,10
7926,10
7927,9
7928,10
7929,10
7930,9
7931,11
7932,10
7933,10
7934,10
7935,10
7936,11
7937,10
7938,10
7939,10
7940,10
7941,9
7942,10
7943,11
7944,11
7945,11
7946,10
7947,12
7948,9
7949,12
7950,11
7951,12
7952,11
7953,11
7954,11
7955,10
7956,9
7957,11
7958,11
7959,12
7960,10
7961,10
7962,10
7963,7
7964,7
7965,8
7966,5
7967,10
7968,9
7969,8
7970,9
7971,10
7972,10
7973,11
7974,9
7975,10
7976,9
7977,10
7978,11
7979,9
7980,9
7981,12
7982,10
7983,11
7984,10
7985,10
7986,10
7987,12
7988,10
7989,11
7990,12
7991,12
7992,12
7993,12
7994,10
7995,13
7996,12
7997,10
7998,12
7999,10
8000,11
8001,12
8002,11
8003,11
8004,10
8005,11
8006,11
8007,11
8008,10
8009,9
8010,10
8011,10
8012,9
8013,11
8014,10
8015,11
8016,9
8017,9
8018,7
8019,7
8020,7
8021,8
8022,8
8023,8
8024,9
8025,10
8026,9
8027,9
8028,8
8029,10
8030,10
8031,9
8032,9
8033,9
8034,10
8035,10
8036,11
8037,11
8038,12
8039,12
8040,11
8041,11
8042,10
8043,9
8044,9
8045,8
8046,12
8047,9
8048,10
8049,11
8050,10
8051,10
8052,10
8053,10
8054,9
8055,10
8056,9
8057,10
8058,8
8059,7
8060,9
8061,9
8062,10
8063,10
8064,10
8065,10
8066,10
8067,8
8068,9
8069,10
8070,10
8071,10
8072,11
8073,11
8074,11
8075,10
8076,11
8077,10
8078,10
8079,9
8080,8
8081,8
8082,8
8083,7
8084,8
8085,9
8086,8
8087,9
8088,10
8089,9
8090,8
8091,10
8092,8
8093,9
8094,9
8095,9
8096,10
8097,8
8098,11
8099,8
8100,8
8101,8
8102,9
8103,9
8104,11
8105,11
8106,11
8107,12
8108,12
8109,12
8110,12
8111,13
8112,11
8113,11
8114,10
8115,10
8116,10
8117,10
8118,10
8119,9
8120,11
8121,12
8122,12
8123,12
8124,11
8125,12
8126,9
8127,9
8128,12
8129,12
8130,12
8131,12
8132,12
8133,12
8134,11
8135,11
8136,12
8137,14
8138,11
8139,11
8140,9
8141,11
8142,11
8143,11
8144,10
8145,10
8146,10
8147,10
8148,9
8149,9
8150,11
8151,8
8152,7
8153,7
8154,10
8155,10
8156,10
8157,10
8158,11
8159,11
8160,11
8161,11
8162,10
8163,9
8164,10
8165,10
8166,10
8167,11
8168,10
8169,7
8170,10
8171,8
8172,7
8173,10
8174,9
8175,11
8176,10
8177,10
8178,11
8179,10
8180,10
8181,10
8182,10
8183,11
8184,10
8185,11
8186,11
8187,12
8188,12
8189,13
8190,13
8191,12
8192,11
8193,12
8194,13
8195,13
8196,12
8197,13
8198,12
8199,11
8200,12
8201,12
8202,11
8203,11
8204,9
8205,9
8206,9
8207,9
8208,11
8209,10
8210,9
8211,10
8212,10
8213,10
8214,10
8215,10
8216,10
8217,12
8218,9
8219,11
8220,9
8221,11
8222,10
8223,9
8224,10
8225,10
8226,10
8227,12
8228,9
8229,10
8230,12
8231,9
8232,10
8233,13
8234,6
8235,9
8236,7
8237,7
8238,8
8239,8
8240,9
8241,9
8242,9
8243,9
8244,10
8245,10
8246,10
8247,12
8248,10
8249,9
8250,10
8251,8
8252,9
8253,10
8254,10
8255,9
8256,11
8257,11
8258,10
8259,11
8260,8
8261,9
8262,9
8263,9
8264,9
8265,8
8266,9
8267,8
8268,8
8269,10
8270,9
8271,9
8272,8
8273,8
8274,9
8275,8
8276,8
8277,7
8278,8
8279,8
8280,10
8281,9
8282,9
8283,8
8284,9
8285,7
8286,8
8287,9
8288,11
8289,9
8290,12
8291,7
8292,9
8293,9
8294,9
8295,9
8296,9
8297,8
8298,9
8299,7
8300,9
8301,8
8302,10
8303,5
8304,5
8305,9
8306,6
8307,7
8308,8
8309,7
8310,6
8311,8
8312,4
8313,5
8314,7
8315,8
8316,8
8317,10
8318,7
8319,8
8320,9
8321,8
8322,9
8323,8
8324,6
8325,6
8326,9
8327,7
8328,9
8329,10
8330,10
8331,10
8332,9
8333,10
8334,9
8335,10
8336,9
8337,8
8338,8
8339,10
8340,9
8341,11
8342,11
8343,10
8344,10
8345,9
8346,10
8347,11
8348,9
8349,10
8350,8
8351,8
8352,9
8353,10
8354,10
8355,10
8356,9
8357,11
8358,10
8359,9
8360,8
8361,8
8362,10
8363,10
8364,10
8365,10
8366,10
8367,8
8368,9
8369,6
8370,8
8371,10
8372,9
8373,10
8374,9
8375,9
8376,10
8377,10
8378,9
8379,8
8380,9
8381,10
8382,9
8383,9
8384,11
8385,10
8386,10
8387,11
8388,11
8389,11
8390,12
8391,11
8392,11
8393,9
8394,8
8395,10
8396,11
8397,10
8398,10
8399,10
8400,11
8401,13
8402,14
8403,12
8404,10
8405,9
8406,12
8407,8
8408,12
8409,10
8410,12
8411,11
8412,11
8413,12
8414,12
8415,11
8416,12
8417,11
8418,11
8419,11
8420,12
8421,13
8422,12
8423,12
8424,12
8425,12
8426,13
8427,13
8428,11
8429,11
8430,9
8431,9
8432,10
8433,10
8434,11
8435,10
8436,11
8437,11
8438,11
8439,14
8440,12
8441,12
8442,12
8443,14
8444,12
8445,13
8446,12
8447,14
8448,11
8449,10
8450,12
8451,11
8452,11
8453,11
8454,12
8455,12
8456,11
8457,8
8458,8
8459,7
8460,6
8461,8
8462,7
8463,9
8464,9
8465,8
8466,8
8467,8
8468,9
8469,9
8470,10
8471,11
8472,10
8473,9
8474,10
8475,12
8476,13
8477,10
8478,12
8479,12
8480,13
8481,11
8482,10
8483,10
8484,12
8485,9
8486,9
8487,11
8488,12
8489,12
8490,11
8491,13
8492,12
8493,12
8494,11
8495,12
8496,12
8497,12
8498,13
8499,12
8500,12
8501,12
8502,12
8503,13
8504,12
8505,12
8506,12
8507,12
8508,11
8509,11
8510,13
8511,14
8512,14
8513,14
8514,12
8515,12
8516,12
8517,11
8518,12
8519,11
8520,11
8521,11
8522,11
8523,12
8524,11
8525,13
8526,11
8527,11
8528,11
8529,12
8530,10
8531,12
8532,11
8533,12
8534,14
8535,14
8536,15
8537,14
8538,11
8539,11
8540,10
8541,11
8542,11
8543,10
8544,12
8545,10
8546,10
8547,9
8548,8
8549,9
8550,9
8551,9
8552,10
8553,8
8554,9
8555,9
8556,8
8557,8
8558,9
8559,6
8560,7
8561,9
8562,8
8563,12
8564,11
8565,8
8566,7
8567,10
8568,9
8569,10
8570,8
8571,8
8572,8
8573,8
8574,9
8575,9
8576,10
8577,10
8578,9
8579,9
8580,9
8581,9
8582,9
8583,9
8584,9
8585,9
8586,9
8587,10
8588,7
8589,9
8590,8
8591,8
8592,8
8593,8
8594,7
8595,6
8596,9
8597,9
8598,8
8599,9
8600,9
8601,9
8602,10
8603,8
8604,7
8605,10
8606,8
8607,8
8608,7
8609,9
8610,8
8611,10
8612,8
8613,8
8614,7
8615,8
8616,9
8617,9
8618,12
8619,10
8620,8
8621,9
8622,8
8623,7
8624,7
8625,8
8626,9
8627,7
8628,7
8629,11
8630,9
8631,11
8632,6
8633,9
8634,6
8635,9
8636,9
8637,9
8638,7
8639,9
8640,9
8641,11
8642,10
8643,10
8644,10
8645,10
8646,9
8647,11
8648,9
8649,11
8650,10
8651,8
8652,10
8653,10
8654,10
8655,10
8656,10
8657,11
8658,12
8659,12
8660,11
8661,10
8662,10
8663,9
8664,9
8665,9
8666,9
8667,11
8668,10
8669,11
8670,11
8671,10
8672,10
8673,9
8674,12
8675,11
8676,9
8677,9
8678,10
8679,9
8680,10
8681,13
8682,13
8683,12
8684,11
8685,9
8686,9
8687,13
8688,8
8689,12
8690,10
8691,10
8692,10
8693,11
8694,9
8695,12
8696,10
8697,9
8698,9
8699,9
8700,10
8701,12
8702,9
8703,14
8704,9
8705,8
8706,9
8707,9
8708,9
8709,11
8710,12
8711,8
8712,11
8713,12
8714,9
8715,11
8716,11
8717,12
8718,11
8719,8
8720,10
8721,10
8722,8
8723,10
8724,11
8725,9
8726,10
8727,10
8728,9
8729,10
8730,8
8731,12
8732,8
8733,10
8734,8
8735,9
8736,7
8737,11
8738,10
8739,10
8740,12
8741,9
8742,11
8743,12
8744,10
8745,9
8746,10
8747,9
8748,9
8749,9
8750,10
8751,9
8752,9
8753,9
8754,9
8755,9
8756,9
8757,10
8758,10
8759,10
8760,9
8761,11
8762,10
8763,12
8764,12
8765,11
8766,11
8767,11
8768,12
8769,9
8770,12
8771,10
8772,10
8773,9
8774,10
8775,10
8776,11
8777,11
8778,10
8779,10
8780,9
8781,10
8782,11
8783,10
8784,11
8785,9
8786,11
8787,9
8788,12
8789,11
8790,9
8791,10
8792,8
8793,11
8794,10
8795,8
8796,10
8797,12
8798,11
8799,11
8800,11
8801,10
8802,9
8803,9
8804,9
8805,10
8806,9
8807,10
8808,10
8809,11
8810,10
8811,11
8812,11
8813,13
8814,11
8815,9
8816,10
8817,9
8818,9
8819,8
8820,8
8821,10
8822,7
8823,9
8824,10
8825,10
8826,11
8827,10
8828,11
8829,9
8830,9
8831,12
8832,12
8833,11
8834,10
8835,10
8836,12
8837,13
8838,12
8839,8
8840,12
8841,11
8842,8
8843,9
8844,10
8845,9
8846,7
8847,10
8848,8
8849,10
8850,10
8851,10
8852,11
8853,10
8854,10
8855,11
8856,13
8857,12
8858,11
8859,7
8860,11
8861,10
8862,8
8863,8
8864,9
8865,9
8866,9
8867,12
8868,10
8869,11
8870,11
8871,12
8872,12
8873,12
8874,11
8875,12
8876,10
8877,12
8878,10
8879,13
8880,11
8881,11
8882,12
8883,12
8884,15
8885,12
8886,11
8887,10
8888,10
8889,9
8890,9
8891,9
8892,11
8893,10
8894,10
8895,9
8896,11
8897,11
8898,10
8899,8
8900,7
8901,10
8902,9
8903,7
8904,8
8905,10
8906,8
8907,8
8908,9
8909,9
8910,12
8911,12
8912,13
8913,14
8914,14
8915,14
8916,11
8917,13
8918,10
8919,11
8920,12
8921,12
8922,12
8923,12
8924,12
8925,11
8926,8
8927,10
8928,9
8929,11
8930,11
8931,10
8932,10
8933,11
8934,12
8935,12
8936,11
8937,11
8938,10
8939,10
8940,10
8941,9
8942,9
8943,10
8944,9
8945,6
8946,9
8947,10
8948,11
8949,11
8950,10
8951,9
8952,9
8953,9
8954,9
8955,10
8956,9
8957,9
8958,9
8959,10
8960,11
8961,10
8962,12
8963,10
8964,9
8965,10
8966,10
8967,12
8968,10
8969,10
8970,10
8971,12
8972,12
8973,10
8974,9
8975,11
8976,11
8977,12
8978,14
8979,11
8980,10
8981,9
8982,9
8983,10
8984,10
8985,9
8986,11
8987,12
8988,11
8989,12
8990,13
8991,13
8992,11
8993,12
8994,11
8995,12
8996,10
8997,11
8998,11
8999,10
9000,9
9001,9
9002,9
9003,8
9004,11
9005,9
9006,9
9007,9
9008,9
9009,8
9010,7
9011,8
9012,8
9013,9
9014,9
9015,9
9016,9
9017,8
9018,9
9019,9
9020,9
9021,9
9022,10
9023,7
9024,9
9025,9
9026,9
9027,7
9028,6
9029,6
9030,7
9031,9
9032,7
9033,9
9034,10
9035,11
9036,8
9037,9
9038,8
9039,7
9040,8
9041,7
9042,8
9043,7
9044,7
9045,8
9046,8
9047,8
9048,8
9049,11
9050,8
9051,11
9052,9
9053,10
9054,10
9055,9
9056,10
9057,9
9058,10
9059,9
9060,9
9061,13
9062,11
9063,12
9064,12
9065,11
9066,11
9067,10
9068,9
9069,9
9070,10
9071,8
9072,8
9073,10
9074,6
9075,10
9076,10
9077,11
9078,9
9079,11
9080,11
9081,9
9082,12
9083,11
9084,11
9085,11
9086,9
9087,10
9088,11
9089,10
9090,10
9091,9
9092,9
9093,11
9094,12
9095,12
9096,11
9097,10
9098,8
9099,8
9100,9
9101,8
9102,9
9103,8
9104,9
9105,9
9106,10
9107,12
9108,13
9109,13
9110,12
9111,12
9112,11
9113,10
9114,10
9115,9
9116,10
9117,8
9118,9
9119,10
9120,10
9121,11
9122,11
9123,10
9124,8
9125,10
9126,6
9127,8
9128,7
9129,10
9130,7
9131,5
9132,8
9133,7
9134,9
9135,10
9136,7
9137,10
9138,10
9139,8
9140,12
9141,9
9142,11
9143,11
9144,10
9145,10
9146,10
9147,10
9148,8
9149,8
9150,11
9151,11
9152,11
9153,10
9154,11
9155,11
9156,13
9157,13
9158,12
9159,12
9160,10
9161,10
9162,10
9163,10
9164,10
9165,11
9166,10
9167,11
9168,11
9169,14
9170,10
9171,11
9172,11
9173,11
9174,11
9175,12
9176,11
9177,12
9178,12
9179,11
9180,12
9181,11
9182,11
9183,12
9184,9
9185,9
9186,9
9187,9
9188,10
9189,8
9190,8
9191,9
9192,8
9193,10
9194,8
9195,8
9196,8
9197,10
9198,8
9199,9
9200,9
9201,7
9202,10
9203,10
9204,10
9205,10
9206,8
9207,7
9208,9
9209,10
9210,11
9211,12
9212,11
9213,11
9214,11
9215,8
9216,8
9217,12
9218,10
9219,9
9220,7
9221,8
9222,8
9223,8
9224,8
9225,7
9226,9
9227,8
9228,7
9229,11
9230,9
9231,7
9232,7
9233,8
9234,7
9235,8
9236,7
9237,10
9238,6
9239,11
9240,10
9241,9
9242,9
9243,10
9244,10
9245,10
9246,9
9247,9
9248,9
9249,10
9250,10
9251,10
9252,10
9253,10
9254,9
9255,8
9256,9
9257,10
9258,8
9259,8
9260,9
9261,9
9262,8
9263,6
9264,8
9265,11
9266,10
9267,11
9268,9
9269,9
9270,10
9271,10
9272,9
9273,9
9274,9
9275,8
9276,9
9277,10
9278,8
9279,9
9280,8
9281,10
9282,9
9283,7
9284,7
9285,7
9286,10
9287,8
9288,7
9289,8
9290,8
9291,8
9292,10
9293,9
9294,10
9295,8
9296,11
9297,10
9298,10
9299,9
9300,11
9301,9
9302,12
9303,9
9304,12
9305,11
9306,11
9307,10
9308,10
9309,8
9310,12
9311,9
9312,9
9313,12
9314,8
9315,9
9316,9
9317,11
9318,10
9319,9
9320,9
9321,13
9322,13
9323,12
9324,13
9325,12
9326,13
9327,12
9328,11
9329,13
9330,12
9331,12
9332,13
9333,12
9334,12
9335,13
9336,12
9337,15
9338,13
9339,12
9340,11
9341,11
9342,11
9343,12
9344,10
9345,10
9346,9
9347,12
9348,9
9349,12
9350,9
9351,11
9352,7
9353,10
9354,8
9355,9
9356,8
9357,11
9358,8
9359,8
9360,7
9361,10
9362,8
9363,6
9364,8
9365,8
9366,9
9367,9
9368,10
9369,10
9370,11
9371,10
9372,10
9373,10
9374,8
9375,10
9376,8
9377,7
9378,8
9379,10
9380,9
9381,10
9382,9
9383,10
9384,10
9385,9
9386,9
9387,8
9388,9
9389,8
9390,7
9391,8
9392,9
9393,12
9394,11
9395,11
9396,11
9397,11
9398,11
9399,11
9400,12
9401,12
9402,12
9403,11
9404,12
9405,12
9406,12
9407,11
9408,12
9409,13
9410,13
9411,12
9412,14
9413,15
9414,15
9415,15
9416,13
9417,14
9418,14
9419,13
9420,13
9421,13
9422,13
9423,12
9424,12
9425,10
9426,9
9427,9
9428,10
9429,11
9430,11
9431,10
9432,12
9433,11
9434,11
9435,11
9436,7
9437,8
9438,10
9439,9
9440,9
9441,10
9442,9
9443,8
9444,9
9445,9
9446,8
9447,9
9448,10
9449,10
9450,10
9451,7
9452,6
9453,8
9454,7
9455,9
9456,9
9457,8
9458,9
9459,10
9460,8
9461,10
9462,11
9463,9
9464,11
9465,10
9466,8
9467,9
9468,8
9469,6
9470,8
9471,6
9472,7
9473,7
9474,6
9475,7
9476,7
9477,8
9478,7
9479,8
9480,8
9481,8
9482,7
9483,7
9484,7
9485,6
9486,6
9487,5
9488,6
9489,7
9490,7
9491,8
9492,8
9493,10
9494,8
9495,9
9496,8
9497,11
9498,10
9499,8
9500,9
9501,10
9502,9
9503,9
9504,11
9505,12
9506,10
9507,9
9508,8
9509,12
9510,11
9511,7
9512,5
9513,6
9514,7
9515,8
9516,7
9517,7
9518,9
9519,9
9520,7
9521,9
9522,8
9523,9
9524,8
9525,9
9526,6
9527,10
9528,10
9529,8
9530,8
9531,8
9532,9
9533,11
9534,9
9535,8
9536,7
9537,8
9538,7
9539,10
9540,8
9541,8
9542,9
9543,8
9544,9
9545,9
9546,8
9547,10
9548,8
9549,10
9550,9
9551,10
9552,9
9553,12
9554,10
9555,11
9556,11
9557,10
9558,11
9559,12
9560,10
9561,10
9562,11
9563,11
9564,10
9565,10
9566,10
9567,9
9568,9
9569,9
9570,10
9571,10
9572,10
9573,9
9574,9
9575,9
9576,11
9577,11
9578,10
9579,10
9580,9
9581,11
9582,10
9583,12
9584,13
9585,10
9586,9
9587,12
9588,9
9589,10
9590,9
9591,10
9592,9
9593,9
9594,8
9595,9
9596,8
9597,9
9598,8
9599,8
9600,8
9601,10
9602,11
9603,11
9604,9
9605,9
9606,8
9607,8
9608,11
9609,10
9610,10
9611,11
9612,10
9613,13
9614,11
9615,13
9616,11
9617,13
9618,12
9619,12
9620,12
9621,10
9622,10
9623,8
9624,10
9625,11
9626,11
9627,11
9628,10
9629,10
9630,10
9631,9
9632,10
9633,10
9634,10
9635,11
9636,9
9637,12
9638,12
9639,12
9640,12
9641,14
9642,13
9643,12
9644,12
9645,9
9646,9
9647,10
9648,10
9649,10
9650,10
9651,11
9652,10
9653,9
9654,10
9655,11
9656,10
9657,9
9658,10
9659,10
9660,9
9661,10
9662,10
9663,10
9664,10
9665,12
9666,9
9667,11
9668,10
9669,9
9670,10
9671,9
9672,11
9673,12
9674,10
9675,12
9676,12
9677,12
9678,12
9679,12
9680,12
9681,11
9682,12
9683,11
9684,10
9685,10
9686,10
9687,11
9688,11
9689,11
9690,9
9691,11
9692,12
9693,10
9694,8
9695,9
9696,8
9697,10
9698,9
9699,10
9700,9
9701,8
9702,11
9703,9
9704,9
9705,10
9706,10
9707,11
9708,10
9709,10
9710,12
9711,10
9712,10
9713,9
9714,9
9715,9
9716,9
9717,10
9718,10
9719,9
9720,9
9721,11
9722,10
9723,10
9724,11
9725,9
9726,9
9727,9
9728,9
9729,9
9730,10
9731,11
9732,10
9733,10
9734,10
9735,9
9736,10
9737,10
9738,9
9739,9
9740,9
9741,10
9742,10
9743,10
9744,9
9745,10
9746,11
9747,13
9748,11
9749,11
9750,11
9751,8
9752,8
9753,10
9754,9
9755,9
9756,9
9757,11
9758,10
9759,10
9760,10
9761,9
9762,10
9763,9
9764,11
9765,11
9766,9
9767,10
9768,11
9769,11
9770,11
9771,12
9772,14
9773,14
9774,14
9775,14
9776,12
9777,11
9778,11
9779,11
9780,10
9781,12
9782,11
9783,11
9784,11
9785,13
9786,11
9787,9
9788,9
9789,8
9790,11
9791,10
9792,9
9793,10
9794,8
9795,10
9796,9
9797,9
9798,10
9799,9
9800,9
9801,9
9802,10
9803,10
9804,9
9805,10
9806,9
9807,8
9808,11
9809,9
9810,9
9811,8
9812,9
9813,8
9814,9
9815,8
9816,10
9817,10
9818,10
9819,8
9820,10
9821,8
9822,9
9823,9
9824,8
9825,7
9826,11
9827,10
9828,9
9829,10
9830,11
9831,10
9832,10
9833,10
9834,10
9835,10
9836,9
9837,9
9838,9
9839,9
9840,8
9841,9
9842,9
9843,10
9844,8
9845,11
9846,9
9847,8
9848,8
9849,11
9850,10
9851,9
9852,10
9853,11
9854,11
9855,9
9856,14
9857,12
9858,8
9859,9
9860,8
9861,11
9862,9
9863,10
9864,10
9865,9
9866,9
9867,9
9868,9
9869,9
9870,10
9871,11
9872,10
9873,11
9874,11
9875,11
9876,12
9877,13
9878,13
9879,13
9880,13
9881,13
9882,12
9883,12
9884,13
9885,10
9886,9
9887,10
9888,11
9889,11
9890,9
9891,12
9892,10
9893,11
9894,13
9895,10
9896,11
9897,9
9898,11
9899,11
9900,10
9901,9
9902,11
9903,10
9904,9
9905,9
9906,9
9907,9
9908,8
9909,9
9910,10
9911,10
9912,10
9913,10
9914,8
9915,10
9916,10
9917,10
9918,10
9919,11
9920,10
9921,10
9922,10
9923,9
9924,10
9925,13
9926,12
9927,10
9928,11
9929,10
9930,11
9931,12
9932,11
9933,11
9934,10
9935,12
9936,13
9937,13
9938,11
9939,13
9940,11
9941,12
9942,9
9943,10
9944,10
9945,11
9946,12
9947,13
9948,12
9949,13
9950,13
9951,12
9952,12
9953,10
9954,10
9955,10
9956,9
9957,10
9958,11
9959,10
9960,12
9961,15
9962,11
9963,12
9964,10
9965,11
9966,11
9967,11
9968,10
9969,9
9970,8
9971,11
9972,9
9973,10
9974,9
9975,9
9976,9
9977,10
9978,13
9979,8
9980,7
9981,9
9982,8
9983,8
9984,7
9985,9
9986,8
9987,8
9988,10
9989,10
9990,8
9991,8
9992,8
9993,10
9994,11
9995,13
9996,10
9997,7
9998,11
9999,13
10000,12
