1,4
2,4
3,4
4,3
5,4
6,3
7,3
8,3
9,3
10,1
11,2
12,2
13,1
14,1
15,2
16,2
17,2
18,2
19,2
20,2
21,2
22,2
23,3
24,2
25,2
26,3
27,2
28,3
29,2
30,3
31,2
32,2
33,3
34,4
35,2
36,5
37,3
38,4
39,2
40,2
41,2
42,2
43,2
44,1
45,3
46,2
47,2
48,3
49,3
50,2
51,2
52,4
53,4
54,4
55,4
56,4
57,4
58,4
59,5
60,5
61,4
62,4
63,5
64,5
65,6
66,4
67,5
68,4
69,4
70,4
71,4
72,5
73,6
74,3
75,5
76,5
77,3
78,4
79,2
80,3
81,3
82,4
83,3
84,4
85,4
86,2
87,5
88,2
89,3
90,3
91,4
92,2
93,3
94,3
95,4
96,4
97,4
98,4
99,4
100,5
101,4
102,5
103,5
104,4
105,4
106,4
107,4
108,4
109,4
110,4
111,4
112,5
113,4
114,5
115,5
116,6
117,5
118,4
119,4
120,4
121,6
122,6
123,4
124,4
125,6
126,5
127,6
128,5
129,5
130,5
131,6
132,4
133,7
134,6
135,7
136,6
137,6
138,6
139,7
140,8
141,7
142,7
143,6
144,8
145,8
146,8
147,8
148,9
149,9
150,8
151,7
152,6
153,6
154,6
155,5
156,7
157,8
158,8
159,8
160,8
161,6
162,3
163,3
164,5
165,5
166,6
167,6
168,5
169,6
170,7
171,4
172,2
173,4
174,4
175,4
176,5
177,3
178,6
179,6
180,6
181,8
182,6
183,5
184,5
185,5
186,9
187,7
188,7
189,6
190,6
191,7
192,8
193,9
194,7
195,7
196,7
197,8
198,8
199,11
200,9
201,9
202,12
203,11
204,10
205,11
206,10
207,9
208,9
209,9
210,9
211,8
212,10
213,9
214,8
215,8
216,9
217,9
218,9
219,10
220,9
221,9
222,8
223,8
224,8
225,8
226,8
227,7
228,8
229,9
230,9
231,9
232,10
233,9
234,8
235,9
236,9
237,9
238,9
239,9
240,8
241,9
242,8
243,7
244,7
245,11
246,10
247,10
248,9
249,8
250,8
251,8
252,8
253,7
254,7
255,6
256,6
257,6
258,6
259,6
260,7
261,7
262,6
263,7
264,6
265,7
266,7
267,7
268,9
269,6
270,8
271,7
272,8
273,8
274,8
275,8
276,8
277,8
278,8
279,7
280,7
281,8
282,8
283,9
284,10
285,10
286,9
287,8
288,10
289,9
290,6
291,7
292,7
293,4
294,4
295,6
296,4
297,5
298,5
299,5
300,6
301,6
302,5
303,6
304,6
305,7
306,6
307,5
308,5
309,5
310,6
311,7
312,6
313,7
314,7
315,7
316,5
317,7
318,7
319,7
320,6
321,7
322,8
323,7
324,7
325,7
326,7
327,8
328,7
329,9
330,9
331,6
332,8
333,8
334,6
335,7
336,8
337,7
338,7
339,7
340,8
341,7
342,9
343,8
344,9
345,9
346,8
347,7
348,7
349,7
350,8
351,5
352,5
353,7
354,6
355,5
356,5
357,5
358,6
359,4
360,5
361,5
362,5
363,5
364,5
365,5
366,6
367,6
368,6
369,6
370,6
371,6
372,6
373,6
374,6
375,6
376,6
377,7
378,7
379,7
380,8
381,7
382,7
383,8
384,7
385,6
386,6
387,7
388,7
389,9
390,7
391,7
392,6
393,7
394,7
395,7
396,7
397,6
398,6
399,6
400,6
401,6
402,6
403,7
404,7
405,7
406,5
407,5
408,6
409,6
410,4
411,4
412,4
413,4
414,4
415,4
416,4
417,5
418,5
419,6
420,6
421,6
422,6
423,6
424,7
425,7
426,7
427,7
428,8
429,7
430,8
431,7
432,8
433,8
434,8
435,9
436,8
437,8
438,7
439,7
440,7
441,8
442,6
443,7
444,6
445,8
446,7
447,8
448,7
449,9
450,9
451,9
452,8
453,9
454,8
455,9
456,10
457,11
458,10
459,9
460,10
461,10
462,11
463,8
464,9
465,5
466,8
467,8
468,8
469,9
470,9
471,9
472,10
473,9
474,9
475,8
476,8
477,8
478,8
479,9
480,10
481,9
482,9
483,9
484,9
485,9
486,9
487,9
488,9
489,9
490,8
491,10
492,9
493,9
494,10
495,12
496,10
497,10
498,10
499,9
500,9
501,7
502,8
503,8
504,8
505,8
506,8
507,9
508,9
509,7
510,7
511,8
512,9
513,8
514,9
515,9
516,8
517,9
518,9
519,9
520,11
521,12
522,10
523,10
524,11
525,12
526,8
527,10
528,11
529,13
530,11
531,11
532,11
533,9
534,10
535,11
536,12
537,12
538,12
539,13
540,11
541,10
542,11
543,13
544,12
545,12
546,12
547,12
548,13
549,13
550,13
551,14
552,12
553,11
554,8
555,11
556,9
557,8
558,8
559,7
560,7
561,8
562,9
563,9
564,9
565,10
566,10
567,10
568,10
569,10
570,11
571,11
572,11
573,11
574,12
575,12
576,12
577,11
578,12
579,12
580,12
581,13
582,12
583,12
584,11
585,10
586,12
587,11
588,11
589,12
590,10
591,10
592,10
593,12
594,8
595,10
596,8
597,9
598,9
599,9
600,8
601,11
602,11
603,11
604,10
605,10
606,11
607,11
608,12
609,11
610,11
611,11
612,12
613,11
614,11
615,10
616,9
617,10
618,9
619,9
620,9
621,11
622,11
623,10
624,8
625,8
626,8
627,9
628,8
629,9
630,10
631,11
632,9
633,8
634,10
635,13
636,11
637,12
638,12
639,13
640,11
641,11
642,11
643,9
644,9
645,10
646,11
647,11
648,11
649,9
650,11
651,10
652,10
653,11
654,13
655,10
656,10
657,13
658,10
659,10
660,9
661,11
662,9
663,9
664,9
665,11
666,11
667,11
668,12
669,13
670,10
671,11
672,13
673,11
674,10
675,11
676,9
677,14
678,11
679,9
680,12
681,12
682,12
683,9
684,9
685,10
686,9
687,10
688,12
689,11
690,10
691,10
692,11
693,13
694,13
695,13
696,12
697,14
698,13
699,14
700,13
701,14
702,14
703,13
704,13
705,10
706,10
707,10
708,9
709,10
710,9
711,9
712,8
713,10
714,11
715,10
716,9
717,11
718,12
719,12
720,13
721,13
722,12
723,12
724,12
725,13
726,13
727,12
728,12
729,12
730,12
731,11
732,11
733,11
734,12
735,11
736,11
737,10
738,11
739,10
740,9
741,12
742,12
743,10
744,11
745,12
746,10
747,10
748,11
749,12
750,11
751,10
752,12
753,11
754,17
755,14
756,13
757,13
758,10
759,13
760,13
761,13
762,14
763,13
764,14
765,14
766,14
767,14
768,14
769,14
770,13
771,14
772,14
773,14
774,13
775,13
776,15
777,12
778,13
779,11
780,14
781,15
782,12
783,11
784,13
785,11
786,11
787,12
788,11
789,11
790,11
791,11
792,12
793,10
794,10
795,10
796,10
797,10
798,10
799,12
800,11
801,11
802,12
803,10
804,12
805,12
806,11
807,11
808,12
809,11
810,12
811,10
812,12
813,10
814,12
815,12
816,12
817,12
818,11
819,12
820,12
821,12
822,12
823,13
824,13
825,12
826,12
827,12
828,10
829,12
830,12
831,11
832,11
833,10
834,8
835,10
836,10
837,8
838,9
839,10
840,10
841,8
842,9
843,9
844,8
845,9
846,9
847,9
848,8
849,8
850,9
851,8
852,7
853,10
854,8
855,9
856,10
857,9
858,8
859,10
860,8
861,7
862,7
863,6
864,6
865,6
866,7
867,6
868,7
869,9
870,9
871,9
872,9
873,8
874,8
875,8
876,8
877,6
878,7
879,8
880,7
881,9
882,9
883,8
884,8
885,8
886,9
887,9
888,9
889,8
890,7
891,7
892,7
893,7
894,7
895,7
896,7
897,7
898,9
899,9
900,8
901,9
902,7
903,7
904,7
905,8
906,9
907,8
908,8
909,8
910,8
911,9
912,8
913,10
914,8
915,9
916,10
917,9
918,11
919,11
920,7
921,9
922,7
923,6
924,6
925,8
926,6
927,6
928,6
929,6
930,6
931,6
932,6
933,6
934,5
935,5
936,6
937,7
938,6
939,6
940,6
941,4
942,6
943,5
944,4
945,7
946,5
947,7
948,8
949,10
950,11
951,11
952,11
953,9
954,10
955,8
956,7
957,7
958,6
959,7
960,7
961,9
962,8
963,8
964,7
965,8
966,8
967,9
968,9
969,7
970,7
971,7
972,7
973,9
974,9
975,8
976,7
977,8
978,8
979,9
980,8
981,11
982,11
983,9
984,9
985,9
986,9
987,9
988,9
989,9
990,8
991,7
992,7
993,7
994,7
995,7
996,9
997,8
998,8
999,8
1000,7
1001,8
1002,9
1003,8
1004,9
1005,9
1006,10
1007,9
1008,10
1009,11
1010,10
1011,12
1012,11
1013,10
1014,12
1015,11
1016,9
1017,10
1018,9
1019,8
1020,9
1021,10
1022,10
1023,9
1024,11
1025,11
1026,9
1027,10
1028,10
1029,11
1030,9
1031,12
1032,9
1033,9
1034,9
1035,8
1036,8
1037,9
1038,10
1039,10
1040,8
1041,10
1042,10
1043,7
1044,8
1045,8
1046,8
1047,9
1048,7
1049,9
1050,8
1051,8
1052,8
1053,8
1054,8
1055,8
1056,9
1057,8
1058,10
1059,10
1060,11
1061,10
1062,11
1063,11
1064,12
1065,12
1066,10
1067,11
1068,9
1069,10
1070,10
1071,10
1072,7
1073,8
1074,8
1075,9
1076,10
1077,9
1078,8
1079,8
1080,9
1081,9
1082,10
1083,8
1084,8
1085,9
1086,8
1087,8
1088,8
1089,10
1090,9
1091,9
1092,11
1093,12
1094,12
1095,12
1096,10
1097,10
1098,11
1099,11
1100,10
1101,11
1102,12
1103,11
1104,11
1105,13
1106,13
1107,14
1108,13
1109,10
1110,11
1111,11
1112,8
1113,12
1114,12
1115,12
1116,10
1117,12
1118,7
1119,10
1120,9
1121,9
1122,8
1123,8
1124,10
1125,9
1126,8
1127,10
1128,9
1129,10
1130,11
1131,10
1132,11
1133,10
1134,11
1135,13
1136,10
1137,11
1138,11
1139,12
1140,11
1141,12
1142,12
1143,10
1144,10
1145,10
1146,10
1147,10
1148,10
1149,10
1150,11
1151,10
1152,9
1153,10
1154,8
1155,9
1156,9
1157,9
1158,9
1159,10
1160,11
1161,11
1162,11
1163,11
1164,9
1165,8
1166,9
1167,10
1168,9
1169,9
1170,9
1171,9
1172,8
1173,8
1174,11
1175,11
1176,11
1177,10
1178,9
1179,9
1180,10
1181,10
1182,7
1183,8
1184,11
1185,8
1186,8
1187,8
1188,7
1189,8
1190,8
1191,9
1192,8
1193,8
1194,8
1195,8
1196,8
1197,9
1198,9
1199,12
1200,11
1201,12
1202,11
1203,13
1204,10
1205,10
1206,9
1207,10
1208,9
1209,8
1210,8
1211,8
1212,9
1213,9
1214,8
1215,9
1216,10
1217,9
1218,8
1219,7
1220,7
1221,7
1222,7
1223,7
1224,6
1225,8
1226,8
1227,9
1228,7
1229,9
1230,8
1231,6
1232,8
1233,6
1234,8
1235,7
1236,6
1237,6
1238,6
1239,6
1240,6
1241,6
1242,7
1243,8
1244,5
1245,7
1246,8
1247,7
1248,8
1249,9
1250,8
1251,9
1252,10
1253,11
1254,10
1255,11
1256,12
1257,11
1258,11
1259,9
1260,12
1261,11
1262,11
1263,11
1264,11
1265,12
1266,12
1267,11
1268,12
1269,11
1270,11
1271,9
1272,9
1273,7
1274,9
1275,7
1276,9
1277,9
1278,9
1279,10
1280,9
1281,10
1282,10
1283,10
1284,9
1285,10
1286,11
1287,8
1288,10
1289,9
1290,8
1291,9
1292,9
1293,10
1294,9
1295,10
1296,10
1297,10
1298,10
1299,10
1300,9
1301,10
1302,9
1303,10
1304,9
1305,11
1306,10
1307,11
1308,11
1309,12
1310,11
1311,9
1312,10
1313,11
1314,10
1315,8
1316,8
1317,9
1318,8
1319,8
1320,7
1321,8
1322,8
1323,9
1324,9
1325,9
1326,10
1327,10
1328,10
1329,9
1330,10
1331,10
1332,10
1333,10
1334,11
1335,10
1336,11
1337,11
1338,10
1339,10
1340,8
1341,8
1342,8
1343,7
1344,7
1345,7
1346,7
1347,8
1348,7
1349,9
1350,9
1351,8
1352,7
1353,8
1354,8
1355,7
1356,7
1357,7
1358,8
1359,8
1360,9
1361,8
1362,8
1363,9
1364,6
1365,9
1366,6
1367,8
1368,8
1369,9
1370,8
1371,9
1372,10
1373,9
1374,9
1375,10
1376,8
1377,11
1378,12
1379,10
1380,10
1381,10
1382,14
1383,11
1384,12
1385,10
1386,11
1387,11
1388,11
1389,10
1390,10
1391,10
1392,10
1393,10
1394,10
1395,10
1396,9
1397,11
1398,10
1399,9
1400,11
1401,9
1402,9
1403,12
1404,13
1405,12
1406,12
1407,10
1408,11
1409,12
1410,12
1411,12
1412,11
1413,11
1414,11
1415,10
1416,10
1417,10
1418,9
1419,12
1420,10
1421,13
1422,11
1423,12
1424,12
1425,13
1426,12
1427,12
1428,10
1429,13
1430,11
1431,10
1432,12
1433,11
1434,10
1435,10
1436,10
1437,12
1438,10
1439,10
1440,9
1441,10
1442,11
1443,11
1444,9
1445,9
1446,10
1447,10
1448,10
1449,9
1450,10
1451,9
1452,10
1453,10
1454,10
1455,9
1456,9
1457,11
1458,11
1459,11
1460,10
1461,11
1462,11
1463,10
1464,12
1465,13
1466,12
1467,11
1468,10
1469,9
1470,9
1471,11
1472,10
1473,11
1474,11
1475,12
1476,11
1477,13
1478,14
1479,13
1480,10
1481,12
1482,11
1483,10
1484,10
1485,11
1486,12
1487,11
1488,11
1489,13
1490,12
1491,13
1492,11
1493,10
1494,9
1495,9
1496,10
1497,11
1498,12
1499,11
1500,10
1501,11
1502,9
1503,9
1504,9
1505,9
1506,10
1507,8
1508,8
1509,8
1510,7
1511,8
1512,7
1513,8
1514,10
1515,7
1516,11
1517,9
1518,7
1519,4
1520,7
1521,6
1522,6
1523,7
1524,7
1525,6
1526,8
1527,8
1528,8
1529,8
1530,10
1531,10
1532,10
1533,9
1534,10
1535,8
1536,9
1537,14
1538,11
1539,13
1540,12
1541,12
1542,14
1543,10
1544,13
1545,10
1546,10
1547,12
1548,12
1549,12
1550,11
1551,9
1552,10
1553,10
1554,10
1555,11
1556,10
1557,11
1558,11
1559,11
1560,12
1561,11
1562,12
1563,10
1564,11
1565,10
1566,10
1567,10
1568,10
1569,11
1570,10
1571,10
1572,11
1573,10
1574,10
1575,9
1576,10
1577,9
1578,9
1579,9
1580,9
1581,9
1582,9
1583,6
1584,8
1585,7
1586,9
1587,8
1588,8
1589,7
1590,7
1591,7
1592,7
1593,6
1594,9
1595,8
1596,7
1597,9
1598,9
1599,8
1600,8
1601,9
1602,10
1603,10
1604,10
1605,9
1606,9
1607,8
1608,8
1609,9
1610,7
1611,8
1612,10
1613,7
1614,8
1615,8
1616,10
1617,9
1618,11
1619,9
1620,9
1621,10
1622,11
1623,10
1624,9
1625,10
1626,12
1627,12
1628,12
1629,12
1630,13
1631,12
1632,11
1633,12
1634,12
1635,12
1636,13
1637,14
1638,12
1639,13
1640,11
1641,12
1642,11
1643,11
1644,12
1645,11
1646,11
1647,11
1648,14
1649,12
1650,11
1651,10
1652,12
1653,10
1654,10
1655,9
1656,9
1657,9
1658,8
1659,9
1660,9
1661,9
1662,10
1663,10
1664,9
1665,11
1666,9
1667,10
1668,10
1669,10
1670,10
1671,10
1672,11
1673,9
1674,10
1675,10
1676,9
1677,10
1678,9
1679,9
1680,8
1681,10
1682,8
1683,9
1684,8
1685,8
1686,8
1687,7
1688,7
1689,9
1690,8
1691,6
1692,7
1693,7
1694,7
1695,8
1696,8
1697,7
1698,10
1699,9
1700,9
1701,10
1702,10
1703,10
1704,9
1705,9
1706,9
1707,10
1708,10
1709,9
1710,10
1711,9
1712,9
1713,7
1714,8
1715,9
1716,8
1717,10
1718,9
1719,9
1720,8
1721,8
1722,9
1723,11
1724,8
1725,9
1726,10
1727,10
1728,10
1729,11
1730,13
1731,11
1732,11
1733,10
1734,10
1735,9
1736,8
1737,8
1738,8
1739,8
1740,8
1741,8
1742,9
1743,7
1744,8
1745,7
1746,9
1747,9
1748,10
1749,9
1750,10
1751,9
1752,10
1753,12
1754,12
1755,12
1756,12
1757,12
1758,12
1759,11
1760,11
1761,12
1762,11
1763,11
1764,10
1765,10
1766,10
1767,11
1768,9
1769,9
1770,9
1771,10
1772,10
1773,7
1774,9
1775,10
1776,10
1777,11
1778,11
1779,10
1780,8
1781,8
1782,10
1783,10
1784,11
1785,12
1786,10
1787,12
1788,10
1789,10
1790,8
1791,10
1792,13
1793,13
1794,12
1795,12
1796,12
1797,12
1798,12
1799,12
1800,11
1801,11
1802,11
1803,12
1804,13
1805,12
1806,10
1807,11
1808,12
1809,11
1810,12
1811,13
1812,11
1813,9
1814,10
1815,10
1816,10
1817,9
1818,11
1819,11
1820,10
1821,10
1822,11
1823,11
1824,10
1825,11
1826,11
1827,11
1828,10
1829,9
1830,8
1831,7
1832,10
1833,12
1834,9
1835,11
1836,10
1837,13
1838,11
1839,12
1840,12
1841,13
1842,12
1843,12
1844,11
1845,11
1846,11
1847,10
1848,12
1849,10
1850,11
1851,9
1852,9
1853,9
1854,9
1855,9
1856,9
1857,9
1858,9
1859,9
1860,9
1861,11
1862,9
1863,12
1864,10
1865,13
1866,10
1867,11
1868,12
1869,14
1870,12
1871,9
1872,11
1873,9
1874,8
1875,9
1876,9
1877,9
1878,9
1879,8
1880,10
1881,8
1882,8
1883,7
1884,7
1885,8
1886,9
1887,8
1888,8
1889,9
1890,10
1891,10
1892,10
1893,9
1894,8
1895,10
1896,8
1897,11
1898,10
1899,12
1900,11
1901,11
1902,13
1903,10
1904,12
1905,10
1906,10
1907,11
1908,11
1909,11
1910,10
1911,11
1912,10
1913,11
1914,11
1915,12
1916,11
1917,14
1918,10
1919,10
1920,10
1921,11
1922,14
1923,13
1924,13
1925,12
1926,13
1927,11
1928,12
1929,11
1930,11
1931,12
1932,11
1933,11
1934,10
1935,12
1936,11
1937,11
1938,11
1939,11
1940,10
1941,10
1942,10
1943,10
1944,10
1945,10
1946,11
1947,10
1948,10
1949,11
1950,11
1951,10
1952,10
1953,11
1954,10
1955,11
1956,11
1957,12
1958,11
1959,8
1960,10
1961,10
1962,10
1963,11
1964,10
1965,10
1966,12
1967,10
1968,10
1969,10
1970,9
1971,9
1972,8
1973,8
1974,10
1975,10
1976,10
1977,11
1978,12
1979,11
1980,12
1981,12
1982,11
1983,12
1984,12
1985,12
1986,13
1987,14
1988,12
1989,11
1990,11
1991,11
1992,9
1993,13
1994,9
1995,9
1996,11
1997,10
1998,9
1999,9
2000,10
2001,9
2002,10
2003,12
2004,10
2005,11
2006,11
2007,10
2008,12
2009,11
2010,10
2011,9
2012,10
2013,13
2014,11
2015,11
2016,10
2017,12
2018,9
2019,10
2020,8
2021,9
2022,8
2023,7
2024,9
2025,9
2026,10
2027,10
2028,10
2029,11
2030,10
2031,11
2032,12
2033,12
2034,12
2035,13
2036,13
2037,12
2038,12
2039,11
2040,11
2041,11
2042,11
2043,12
2044,11
2045,11
2046,11
2047,11
2048,11
2049,11
2050,11
2051,10
2052,9
2053,11
2054,12
2055,11
2056,11
2057,11
2058,11
2059,11
2060,11
2061,11
2062,10
2063,12
2064,10
2065,12
2066,10
2067,11
2068,11
2069,11
2070,11
2071,12
2072,11
2073,13
2074,11
2075,10
2076,9
2077,10
2078,10
2079,10
2080,10
2081,9
2082,10
2083,10
2084,13
2085,10
2086,12
2087,9
2088,11
2089,12
2090,12
2091,10
2092,10
2093,10
2094,11
2095,11
2096,10
2097,11
2098,10
2099,11
2100,11
2101,11
2102,12
2103,13
2104,11
2105,10
2106,10
2107,9
2108,9
2109,9
2110,9
2111,9
2112,9
2113,12
2114,12
2115,11
2116,10
2117,10
2118,11
2119,10
2120,10
2121,10
2122,10
2123,12
2124,10
2125,11
2126,11
2127,13
2128,12
2129,11
2130,12
2131,11
2132,11
2133,10
2134,10
2135,9
2136,9
2137,10
2138,9
2139,11
2140,10
2141,10
2142,10
2143,9
2144,8
2145,10
2146,10
2147,10
2148,10
2149,9
2150,11
2151,10
2152,11
2153,11
2154,12
2155,11
2156,12
2157,13
2158,14
2159,11
2160,12
2161,11
2162,10
2163,9
2164,9
2165,10
2166,9
2167,9
2168,9
2169,10
2170,10
2171,10
2172,9
2173,9
2174,8
2175,9
2176,7
2177,9
2178,9
2179,9
2180,8
2181,8
2182,8
2183,10
2184,9
2185,11
2186,11
2187,11
2188,10
2189,10
2190,11
2191,11
2192,10
2193,11
2194,11
2195,10
2196,10
2197,10
2198,11
2199,10
2200,10
2201,10
2202,11
2203,8
2204,8
2205,9
2206,10
2207,10
2208,8
2209,9
2210,9
2211,11
2212,9
2213,10
2214,9
2215,11
2216,12
2217,10
2218,11
2219,9
2220,11
2221,10
2222,11
2223,11
2224,10
2225,8
2226,7
2227,7
2228,7
2229,7
2230,7
2231,9
2232,10
2233,9
2234,9
2235,9
2236,11
2237,10
2238,11
2239,10
2240,11
2241,11
2242,9
2243,10
2244,9
2245,10
2246,9
2247,9
2248,8
2249,8
2250,9
2251,9
2252,9
2253,10
2254,11
2255,10
2256,10
2257,10
2258,10
2259,10
2260,10
2261,9
2262,9
2263,10
2264,10
2265,10
2266,11
2267,12
2268,11
2269,11
2270,11
2271,8
2272,8
2273,7
2274,8
2275,8
2276,8
2277,8
2278,8
2279,8
2280,9
2281,9
2282,11
2283,9
2284,10
2285,11
2286,10
2287,10
2288,10
2289,10
2290,11
2291,10
2292,10
2293,9
2294,10
2295,10
2296,11
2297,11
2298,10
2299,10
2300,9
2301,11
2302,10
2303,11
2304,11
2305,10
2306,11
2307,10
2308,10
2309,10
2310,11
2311,9
2312,9
2313,10
2314,10
2315,11
2316,10
2317,10
2318,10
2319,8
2320,11
2321,10
2322,11
2323,13
2324,12
2325,12
2326,14
2327,12
2328,10
2329,10
2330,11
2331,10
2332,10
2333,9
2334,10
2335,7
2336,9
2337,9
2338,7
2339,8
2340,10
2341,10
2342,10
2343,10
2344,11
2345,11
2346,8
2347,9
2348,9
2349,9
2350,9
2351,8
2352,8
2353,9
2354,9
2355,8
2356,9
2357,9
2358,8
2359,9
2360,8
2361,9
2362,8
2363,9
2364,11
2365,10
2366,10
2367,10
2368,11
2369,9
2370,9
2371,10
2372,9
2373,10
2374,9
2375,8
2376,8
2377,9
2378,11
2379,9
2380,11
2381,10
2382,9
2383,9
2384,10
2385,11
2386,10
2387,10
2388,10
2389,11
2390,10
2391,10
2392,12
2393,10
2394,10
2395,11
2396,10
2397,12
2398,10
2399,11
2400,11
2401,13
2402,13
2403,10
2404,13
2405,10
2406,11
2407,11
2408,12
2409,11
2410,10
2411,12
2412,11
2413,12
2414,11
2415,11
2416,10
2417,11
2418,10
2419,10
2420,9
2421,10
2422,11
2423,10
2424,9
2425,13
2426,11
2427,11
2428,11
2429,12
2430,13
2431,12
2432,12
2433,13
2434,12
2435,11
2436,12
2437,11
2438,10
2439,10
2440,9
2441,8
2442,10
2443,10
2444,10
2445,10
2446,10
2447,10
2448,10
2449,10
2450,10
2451,10
2452,10
2453,11
2454,9
2455,10
2456,10
2457,9
2458,10
2459,11
2460,11
2461,11
2462,10
2463,12
2464,11
2465,11
2466,10
2467,9
2468,9
2469,9
2470,10
2471,10
2472,12
2473,11
2474,10
2475,12
2476,9
2477,10
2478,11
2479,10
2480,10
2481,12
2482,11
2483,12
2484,12
2485,11
2486,12
2487,12
2488,11
2489,11
2490,10
2491,10
2492,10
2493,10
2494,9
2495,9
2496,9
2497,10
2498,11
2499,11
2500,10
2501,12
2502,12
2503,12
2504,11
2505,13
2506,9
2507,11
2508,12
2509,12
2510,10
2511,12
2512,13
2513,12
2514,14
2515,12
2516,10
2517,10
2518,12
2519,12
2520,12
2521,13
2522,12
2523,10
2524,13
2525,12
2526,12
2527,13
2528,12
2529,13
2530,12
2531,12
2532,11
2533,13
2534,13
2535,12
2536,11
2537,11
2538,12
2539,11
2540,11
2541,12
2542,13
2543,12
2544,11
2545,10
2546,11
2547,10
2548,9
2549,10
2550,11
2551,11
2552,12
2553,12
2554,13
2555,11
2556,12
2557,11
2558,13
2559,12
2560,14
2561,15
2562,11
2563,12
2564,11
2565,10
2566,11
2567,11
2568,12
2569,10
2570,10
2571,10
2572,10
2573,8
2574,9
2575,9
2576,10
2577,9
2578,9
2579,10
2580,10
2581,10
2582,10
2583,12
2584,11
2585,10
2586,11
2587,11
2588,12
2589,11
2590,11
2591,10
2592,10
2593,11
2594,10
2595,10
2596,9
2597,10
2598,12
2599,12
2600,11
2601,14
2602,12
2603,12
2604,14
2605,13
2606,14
2607,15
2608,15
2609,14
2610,14
2611,13
2612,14
2613,14
2614,14
2615,14
2616,12
2617,14
2618,11
2619,12
2620,14
2621,12
2622,11
2623,11
2624,11
2625,12
2626,11
2627,11
2628,11
2629,11
2630,11
2631,11
2632,10
2633,10
2634,10
2635,12
2636,12
2637,12
2638,10
2639,11
2640,12
2641,12
2642,11
2643,11
2644,14
2645,14
2646,13
2647,10
2648,12
2649,14
2650,9
2651,12
2652,10
2653,10
2654,12
2655,12
2656,12
2657,13
2658,13
2659,12
2660,14
2661,12
2662,12
2663,12
2664,11
2665,13
2666,13
2667,13
2668,12
2669,14
2670,13
2671,13
2672,11
2673,13
2674,13
2675,12
2676,11
2677,12
2678,13
2679,12
2680,12
2681,12
2682,10
2683,12
2684,14
2685,13
2686,13
2687,12
2688,11
2689,12
2690,13
2691,11
2692,11
2693,9
2694,9
2695,11
2696,11
2697,9
2698,11
2699,13
2700,12
2701,13
2702,13
2703,12
2704,12
2705,11
2706,10
2707,10
2708,8
2709,10
2710,8
2711,10
2712,9
2713,10
2714,10
2715,10
2716,10
2717,11
2718,10
2719,10
2720,9
2721,9
2722,9
2723,9
2724,9
2725,11
2726,10
2727,11
2728,11
2729,11
2730,13
2731,11
2732,10
2733,10
2734,11
2735,10
2736,10
2737,13
2738,10
2739,10
2740,11
2741,10
2742,13
2743,11
2744,11
2745,10
2746,10
2747,10
2748,11
2749,9
2750,11
2751,10
2752,12
2753,11
2754,11
2755,12
2756,11
2757,12
2758,12
2759,11
2760,12
2761,12
2762,12
2763,12
2764,12
2765,11
2766,14
2767,11
2768,10
2769,10
2770,12
2771,12
2772,13
2773,12
2774,13
2775,11
2776,11
2777,10
2778,10
2779,9
2780,10
2781,10
2782,13
2783,11
2784,10
2785,10
2786,9
2787,8
2788,8
2789,8
2790,10
2791,8
2792,8
2793,12
2794,11
2795,11
2796,10
2797,13
2798,9
2799,12
2800,14
2801,12
2802,12
2803,10
2804,13
2805,11
2806,11
2807,12
2808,11
2809,11
2810,13
2811,12
2812,11
2813,13
2814,11
2815,11
2816,10
2817,10
2818,11
2819,12
2820,12
2821,14
2822,13
2823,12
2824,12
2825,12
2826,10
2827,10
2828,9
2829,11
2830,13
2831,11
2832,10
2833,12
2834,11
2835,12
2836,13
2837,12
2838,11
2839,11
2840,9
2841,9
2842,8
2843,10
2844,9
2845,9
2846,10
2847,10
2848,9
2849,10
2850,7
2851,8
2852,7
2853,8
2854,7
2855,9
2856,8
2857,9
2858,7
2859,9
2860,9
2861,9
2862,7
2863,8
2864,9
2865,10
2866,9
2867,8
2868,11
2869,10
2870,10
2871,10
2872,10
2873,11
2874,11
2875,10
2876,13
2877,13
2878,12
2879,12
2880,13
2881,12
2882,12
2883,12
2884,13
2885,13
2886,12
2887,12
2888,12
2889,13
2890,11
2891,11
2892,11
2893,10
2894,10
2895,10
2896,10
2897,10
2898,11
2899,9
2900,11
2901,11
2902,12
2903,11
2904,12
2905,13
2906,11
2907,10
2908,10
2909,11
2910,12
2911,12
2912,9
2913,11
2914,12
2915,12
2916,13
2917,13
2918,13
2919,12
2920,12
2921,11
2922,11
2923,12
2924,11
2925,9
2926,10
2927,15
2928,12
2929,12
2930,10
2931,12
2932,12
2933,11
2934,11
2935,11
2936,11
2937,9
2938,8
2939,10
2940,9
2941,12
2942,11
2943,12
2944,12
2945,12
2946,10
2947,11
2948,10
2949,10
2950,11
2951,9
2952,12
2953,14
2954,14
2955,11
2956,15
2957,12
2958,12
2959,10
2960,12
2961,12
2962,10
2963,11
2964,11
2965,11
2966,11
2967,12
2968,13
2969,14
2970,14
2971,14
2972,13
2973,12
2974,13
2975,11
2976,12
2977,12
2978,12
2979,11
2980,10
2981,11
2982,12
2983,9
2984,12
2985,11
2986,10
2987,12
2988,12
2989,11
2990,11
2991,13
2992,11
2993,12
2994,12
2995,12
2996,11
2997,13
2998,10
2999,9
3000,10
3001,10
3002,10
3003,11
3004,9
3005,10
3006,9
3007,11
3008,12
3009,11
3010,12
3011,12
3012,12
3013,11
3014,12
3015,12
3016,12
3017,12
3018,12
3019,11
3020,11
3021,11
3022,10
3023,10
3024,10
3025,10
3026,10
3027,10
3028,8
3029,6
3030,7
3031,9
3032,8
3033,9
3034,10
3035,10
3036,10
3037,10
3038,11
3039,10
3040,9
3041,10
3042,10
3043,11
3044,11
3045,11
3046,11
3047,12
3048,12
3049,11
3050,11
3051,14
3052,11
3053,11
3054,11
3055,11
3056,12
3057,12
3058,11
3059,13
3060,13
3061,12
3062,13
3063,13
3064,12
3065,12
3066,12
3067,10
3068,12
3069,10
3070,14
3071,11
3072,9
3073,9
3074,12
3075,9
3076,11
3077,9
3078,9
3079,10
3080,10
3081,11
3082,9
3083,8
3084,11
3085,12
3086,12
3087,12
3088,11
3089,11
3090,12
3091,12
3092,11
3093,11
3094,13
3095,12
3096,12
3097,9
3098,10
3099,11
3100,11
3101,12
3102,12
3103,11
3104,11
3105,11
3106,11
3107,11
3108,12
3109,12
3110,11
3111,12
3112,11
3113,12
3114,11
3115,12
3116,13
3117,13
3118,13
3119,13
3120,11
3121,13
3122,12
3123,11
3124,10
3125,10
3126,10
3127,9
3128,10
3129,11
3130,9
3131,9
3132,9
3133,9
3134,11
3135,10
3136,10
3137,10
3138,10
3139,11
3140,9
3141,9
3142,10
3143,11
3144,12
3145,12
3146,12
3147,11
3148,11
3149,10
3150,10
3151,9
3152,9
3153,8
3154,10
3155,8
3156,10
3157,10
3158,10
3159,11
3160,10
3161,9
3162,10
3163,9
3164,9
3165,11
3166,10
3167,10
3168,12
3169,12
3170,11
3171,11
3172,13
3173,14
3174,14
3175,12
3176,12
3177,11
3178,8
3179,11
3180,11
3181,13
3182,14
3183,14
3184,13
3185,14
3186,13
3187,12
3188,12
3189,13
3190,11
3191,12
3192,11
3193,12
3194,11
3195,11
3196,12
3197,12
3198,12
3199,12
3200,12
3201,10
3202,11
3203,11
3204,8
3205,12
3206,11
3207,11
3208,11
3209,12
3210,11
3211,10
3212,10
3213,10
3214,12
3215,12
3216,13
3217,12
3218,12
3219,12
3220,11
3221,12
3222,12
3223,12
3224,11
3225,12
3226,11
3227,11
3228,10
3229,10
3230,10
3231,9
3232,10
3233,11
3234,10
3235,10
3236,10
3237,9
3238,8
3239,9
3240,8
3241,9
3242,9
3243,9
3244,8
3245,8
3246,10
3247,11
3248,10
3249,10
3250,11
3251,11
3252,13
3253,14
3254,15
3255,15
3256,13
3257,12
3258,13
3259,13
3260,11
3261,11
3262,10
3263,12
3264,11
3265,10
3266,12
3267,13
3268,13
3269,13
3270,13
3271,13
3272,10
3273,12
3274,11
3275,13
3276,13
3277,14
3278,14
3279,13
3280,12
3281,11
3282,11
3283,9
3284,9
3285,10
3286,9
3287,6
3288,8
3289,8
3290,8
3291,9
3292,9
3293,9
3294,8
3295,10
3296,9
3297,8
3298,11
3299,10
3300,10
3301,10
3302,10
3303,11
3304,11
3305,9
3306,11
3307,10
3308,10
3309,10
3310,11
3311,10
3312,10
3313,11
3314,11
3315,10
3316,10
3317,10
3318,11
3319,11
3320,10
3321,11
3322,10
3323,10
3324,10
3325,11
3326,11
3327,11
3328,10
3329,11
3330,10
3331,11
3332,10
3333,10
3334,11
3335,8
3336,8
3337,9
3338,9
3339,9
3340,9
3341,9
3342,10
3343,10
3344,9
3345,9
3346,8
3347,9
3348,9
3349,10
3350,11
3351,11
3352,11
3353,9
3354,9
3355,10
3356,11
3357,12
3358,13
3359,13
3360,14
3361,14
3362,13
3363,14
3364,13
3365,13
3366,14
3367,11
3368,13
3369,13
3370,13
3371,13
3372,13
3373,13
3374,14
3375,14
3376,13
3377,13
3378,11
3379,12
3380,12
3381,12
3382,14
3383,11
3384,13
3385,14
3386,13
3387,14
3388,13
3389,13
3390,14
3391,13
3392,11
3393,10
3394,10
3395,11
3396,11
3397,11
3398,14
3399,11
3400,11
3401,11
3402,12
3403,13
3404,11
3405,12
3406,11
3407,11
3408,10
3409,12
3410,13
3411,13
3412,12
3413,12
3414,11
3415,12
3416,9
3417,10
3418,9
3419,9
3420,8
3421,8
3422,8
3423,9
3424,8
3425,10
3426,8
3427,10
3428,10
3429,9
3430,12
3431,12
3432,13
3433,15
3434,12
3435,14
3436,11
3437,14
3438,14
3439,15
3440,16
3441,14
3442,13
3443,11
3444,12
3445,12
3446,13
3447,12
3448,10
3449,13
3450,13
3451,12
3452,12
3453,12
3454,12
3455,12
3456,14
3457,13
3458,12
3459,12
3460,12
3461,11
3462,12
3463,13
3464,13
3465,13
3466,15
3467,15
3468,12
3469,13
3470,13
3471,13
3472,14
3473,13
3474,14
3475,12
3476,13
3477,13
3478,13
3479,13
3480,11
3481,12
3482,13
3483,13
3484,14
3485,11
3486,11
3487,11
3488,13
3489,12
3490,11
3491,12
3492,11
3493,14
3494,13
3495,12
3496,11
3497,13
3498,12
3499,11
3500,12
3501,11
3502,12
3503,12
3504,14
3505,13
3506,13
3507,12
3508,14
3509,13
3510,14
3511,13
3512,14
3513,14
3514,14
3515,13
3516,12
3517,13
3518,13
3519,12
3520,12
3521,13
3522,12
3523,11
3524,12
3525,10
3526,10
3527,10
3528,11
3529,10
3530,9
3531,10
3532,8
3533,8
3534,9
3535,9
3536,8
3537,10
3538,10
3539,10
3540,10
3541,9
3542,9
3543,9
3544,9
3545,10
3546,9
3547,9
3548,8
3549,8
3550,9
3551,9
3552,9
3553,10
3554,9
3555,9
3556,9
3557,8
3558,9
3559,10
3560,10
3561,11
3562,9
3563,9
3564,10
3565,9
3566,9
3567,9
3568,9
3569,9
3570,8
3571,8
3572,10
3573,10
3574,8
3575,10
3576,11
3577,11
3578,10
3579,10
3580,9
3581,12
3582,9
3583,9
3584,8
3585,9
3586,10
3587,10
3588,10
3589,11
3590,11
3591,12
3592,11
3593,11
3594,12
3595,11
3596,14
3597,12
3598,11
3599,11
3600,11
3601,13
3602,9
3603,11
3604,11
3605,14
3606,10
3607,10
3608,13
3609,14
3610,14
3611,10
3612,12
3613,13
3614,9
3615,10
3616,11
3617,11
3618,12
3619,10
3620,13
3621,12
3622,14
3623,12
3624,14
3625,13
3626,13
3627,11
3628,13
3629,14
3630,13
3631,11
3632,13
3633,11
3634,12
3635,11
3636,13
3637,13
3638,14
3639,12
3640,10
3641,12
3642,12
3643,12
3644,12
3645,13
3646,12
3647,14
3648,13
3649,13
3650,12
3651,14
3652,12
3653,14
3654,14
3655,12
3656,12
3657,12
3658,12
3659,12
3660,12
3661,12
3662,13
3663,14
3664,13
3665,14
3666,14
3667,11
3668,13
3669,12
3670,11
3671,11
3672,11
3673,13
3674,15
3675,13
3676,13
3677,14
3678,11
3679,14
3680,10
3681,12
3682,11
3683,11
3684,11
3685,12
3686,12
3687,12
3688,12
3689,13
3690,13
3691,11
3692,12
3693,13
3694,12
3695,11
3696,11
3697,11
3698,12
3699,14
3700,11
3701,13
3702,11
3703,12
3704,13
3705,14
3706,14
3707,14
3708,13
3709,14
3710,14
3711,14
3712,14
3713,14
3714,12
3715,12
3716,13
3717,11
3718,12
3719,13
3720,11
3721,12
3722,11
3723,11
3724,11
3725,10
3726,10
3727,11
3728,10
3729,12
3730,12
3731,11
3732,10
3733,10
3734,12
3735,12
3736,10
3737,11
3738,9
3739,11
3740,11
3741,11
3742,11
3743,12
3744,12
3745,12
3746,11
3747,12
3748,12
3749,12
3750,12
3751,12
3752,14
3753,14
3754,13
3755,12
3756,10
3757,11
3758,11
3759,10
3760,10
3761,10
3762,10
3763,11
3764,9
3765,9
3766,10
3767,9
3768,11
3769,12
3770,11
3771,11
3772,9
3773,12
3774,11
3775,9
3776,10
3777,11
3778,9
3779,11
3780,10
3781,12
3782,11
3783,8
3784,10
3785,9
3786,10
3787,8
3788,9
3789,12
3790,8
3791,9
3792,11
3793,10
3794,12
3795,11
3796,12
3797,13
3798,13
3799,13
3800,12
3801,13
3802,12
3803,13
3804,13
3805,15
3806,13
3807,13
3808,12
3809,12
3810,13
3811,11
3812,10
3813,11
3814,12
3815,12
3816,12
3817,12
3818,12
3819,11
3820,12
3821,12
3822,12
3823,9
3824,10
3825,9
3826,10
3827,10
3828,8
3829,10
3830,11
3831,11
3832,11
3833,11
3834,9
3835,9
3836,8
3837,9
3838,8
3839,9
3840,8
3841,11
3842,9
3843,9
3844,9
3845,10
3846,10
3847,10
3848,10
3849,12
3850,11
3851,10
3852,10
3853,12
3854,11
3855,11
3856,9
3857,9
3858,11
3859,11
3860,12
3861,12
3862,13
3863,13
3864,13
3865,14
3866,14
3867,13
3868,12
3869,14
3870,13
3871,12
3872,13
3873,13
3874,13
3875,11
3876,12
3877,12
3878,13
3879,12
3880,12
3881,12
3882,12
3883,12
3884,13
3885,11
3886,10
3887,13
3888,10
3889,13
3890,13
3891,12
3892,11
3893,14
3894,12
3895,13
3896,12
3897,14
3898,13
3899,11
3900,12
3901,12
3902,12
3903,12
3904,11
3905,12
3906,13
3907,11
3908,12
3909,11
3910,11
3911,12
3912,13
3913,14
3914,15
3915,13
3916,12
3917,11
3918,12
3919,13
3920,10
3921,12
3922,12
3923,10
3924,11
3925,11
3926,11
3927,11
3928,9
3929,11
3930,13
3931,13
3932,12
3933,12
3934,11
3935,12
3936,13
3937,14
3938,14
3939,13
3940,13
3941,13
3942,11
3943,11
3944,9
3945,11
3946,10
3947,10
3948,9
3949,9
3950,11
3951,9
3952,9
3953,10
3954,10
3955,10
3956,11
3957,10
3958,9
3959,10
3960,10
3961,10
3962,10
3963,11
3964,11
3965,11
3966,12
3967,13
3968,13
3969,11
3970,11
3971,10
3972,8
3973,9
3974,9
3975,9
3976,8
3977,8
3978,10
3979,10
3980,10
3981,10
3982,9
3983,9
3984,8
3985,8
3986,10
3987,8
3988,11
3989,12
3990,12
3991,10
3992,11
3993,11
3994,11
3995,10
3996,11
3997,12
3998,10
3999,11
4000,11
4001,12
4002,12
4003,12
4004,12
4005,12
4006,11
4007,12
4008,11
4009,9
4010,10
4011,8
4012,10
4013,9
4014,10
4015,8
4016,10
4017,10
4018,9
4019,10
4020,10
4021,10
4022,11
4023,10
4024,9
4025,9
4026,10
4027,10
4028,10
4029,10
4030,10
4031,10
4032,10
4033,10
4034,10
4035,10
4036,11
4037,12
4038,12
4039,11
4040,11
4041,11
4042,12
4043,9
4044,11
4045,12
4046,11
4047,12
4048,9
4049,9
4050,10
4051,10
4052,8
4053,9
4054,9
4055,7
4056,9
4057,10
4058,9
4059,10
4060,11
4061,11
4062,10
4063,11
4064,10
4065,12
4066,12
4067,11
4068,12
4069,11
4070,10
4071,12
4072,13
4073,13
4074,11
4075,13
4076,12
4077,10
4078,12
4079,9
4080,9
4081,10
4082,9
4083,10
4084,10
4085,12
4086,11
4087,13
4088,11
4089,8
4090,9
4091,9
4092,9
4093,9
4094,9
4095,9
4096,9
4097,11
4098,10
4099,10
4100,11
4101,10
4102,13
4103,12
4104,12
4105,10
4106,11
4107,12
4108,11
4109,12
4110,12
4111,12
4112,12
4113,14
4114,12
4115,12
4116,14
4117,12
4118,10
4119,10
4120,10
4121,10
4122,11
4123,10
4124,10
4125,11
4126,9
4127,10
4128,7
4129,10
4130,8
4131,9
4132,8
4133,9
4134,9
4135,11
4136,10
4137,9
4138,10
4139,12
4140,10
4141,13
4142,10
4143,12
4144,12
4145,15
4146,13
4147,12
4148,13
4149,14
4150,12
4151,12
4152,11
4153,11
4154,11
4155,11
4156,11
4157,12
4158,12
4159,11
4160,11
4161,12
4162,11
4163,10
4164,11
4165,12
4166,11
4167,10
4168,11
4169,11
4170,10
4171,12
4172,11
4173,11
4174,11
4175,11
4176,9
4177,11
4178,10
4179,11
4180,11
4181,10
4182,11
4183,11
4184,11
4185,9
4186,11
4187,10
4188,10
4189,8
4190,9
4191,10
4192,10
4193,11
4194,11
4195,11
4196,11
4197,11
4198,10
4199,10
4200,9
4201,10
4202,10
4203,10
4204,11
4205,12
4206,12
4207,9
4208,10
4209,10
4210,8
4211,9
4212,9
4213,9
4214,9
4215,8
4216,9
4217,8
4218,9
4219,8
4220,9
4221,8
4222,10
4223,9
4224,9
4225,11
4226,12
4227,13
4228,12
4229,11
4230,11
4231,12
4232,12
4233,11
4234,12
4235,13
4236,12
4237,12
4238,11
4239,11
4240,8
4241,10
4242,8
4243,8
4244,8
4245,10
4246,10
4247,9
4248,9
4249,11
4250,12
4251,11
4252,12
4253,13
4254,13
4255,13
4256,12
4257,12
4258,12
4259,13
4260,13
4261,14
4262,14
4263,11
4264,12
4265,13
4266,11
4267,12
4268,11
4269,9
4270,9
4271,9
4272,8
4273,10
4274,10
4275,8
4276,8
4277,10
4278,11
4279,10
4280,10
4281,12
4282,11
4283,13
4284,13
4285,14
4286,12
4287,12
4288,11
4289,11
4290,11
4291,11
4292,12
4293,14
4294,13
4295,12
4296,13
4297,12
4298,12
4299,12
4300,13
4301,11
4302,11
4303,12
4304,10
4305,10
4306,10
4307,12
4308,10
4309,12
4310,11
4311,12
4312,12
4313,12
4314,11
4315,11
4316,11
4317,10
4318,11
4319,11
4320,10
4321,9
4322,8
4323,11
4324,8
4325,7
4326,6
4327,7
4328,12
4329,10
4330,11
4331,9
4332,9
4333,10
4334,11
4335,11
4336,14
4337,11
4338,14
4339,13
4340,12
4341,12
4342,12
4343,12
4344,11
4345,11
4346,11
4347,13
4348,11
4349,13
4350,10
4351,10
4352,13
4353,12
4354,13
4355,12
4356,12
4357,13
4358,11
4359,12
4360,10
4361,11
4362,11
4363,11
4364,11
4365,11
4366,11
4367,13
4368,11
4369,11
4370,12
4371,12
4372,12
4373,12
4374,12
4375,13
4376,9
4377,12
4378,12
4379,12
4380,11
4381,12
4382,12
4383,12
4384,13
4385,12
4386,12
4387,12
4388,12
4389,11
4390,12
4391,13
4392,13
4393,14
4394,14
4395,13
4396,13
4397,13
4398,12
4399,12
4400,12
4401,12
4402,11
4403,11
4404,11
4405,12
4406,12
4407,12
4408,11
4409,11
4410,9
4411,11
4412,10
4413,10
4414,10
4415,10
4416,10
4417,11
4418,10
4419,11
4420,10
4421,10
4422,11
4423,9
4424,9
4425,9
4426,10
4427,10
4428,9
4429,10
4430,9
4431,10
4432,7
4433,9
4434,9
4435,6
4436,9
4437,8
4438,9
4439,8
4440,8
4441,8
4442,9
4443,9
4444,9
4445,10
4446,10
4447,9
4448,9
4449,10
4450,10
4451,11
4452,11
4453,12
4454,10
4455,12
4456,13
4457,12
4458,12
4459,12
4460,12
4461,13
4462,12
4463,12
4464,10
4465,12
4466,9
4467,10
4468,10
4469,12
4470,10
4471,10
4472,10
4473,11
4474,13
4475,11
4476,10
4477,12
4478,9
4479,10
4480,9
4481,10
4482,9
4483,11
4484,10
4485,12
4486,10
4487,11
4488,11
4489,12
4490,11
4491,10
4492,12
4493,10
4494,11
4495,12
4496,9
4497,11
4498,9
4499,11
4500,13
4501,13
4502,13
4503,13
4504,11
4505,12
4506,13
4507,12
4508,6
4509,10
4510,12
4511,9
4512,10
4513,10
4514,11
4515,11
4516,11
4517,11
4518,8
4519,10
4520,9
4521,10
4522,11
4523,10
4524,10
4525,11
4526,12
4527,15
4528,15
4529,13
4530,14
4531,16
4532,13
4533,12
4534,11
4535,12
4536,12
4537,14
4538,12
4539,13
4540,12
4541,11
4542,10
4543,11
4544,12
4545,9
4546,11
4547,10
4548,10
4549,10
4550,10
4551,10
4552,11
4553,9
4554,11
4555,10
4556,9
4557,9
4558,11
4559,10
4560,10
4561,10
4562,9
4563,9
4564,9
4565,9
4566,10
4567,10
4568,10
4569,11
4570,10
4571,10
4572,10
4573,12
4574,10
4575,11
4576,11
4577,11
4578,11
4579,11
4580,11
4581,11
4582,14
4583,14
4584,14
4585,15
4586,13
4587,13
4588,15
4589,14
4590,14
4591,14
4592,14
4593,13
4594,13
4595,14
4596,13
4597,16
4598,15
4599,13
4600,15
4601,15
4602,13
4603,12
4604,11
4605,11
4606,12
4607,12
4608,14
4609,11
4610,11
4611,10
4612,11
4613,13
4614,12
4615,12
4616,11
4617,11
4618,13
4619,13
4620,13
4621,14
4622,15
4623,15
4624,11
4625,13
4626,10
4627,9
4628,10
4629,10
4630,11
4631,10
4632,12
4633,14
4634,14
4635,11
4636,10
4637,12
4638,13
4639,12
4640,13
4641,13
4642,13
4643,12
4644,11
4645,12
4646,12
4647,12
4648,13
4649,13
4650,12
4651,13
4652,12
4653,13
4654,13
4655,13
4656,12
4657,11
4658,11
4659,11
4660,11
4661,10
4662,10
4663,9
4664,9
4665,11
4666,9
4667,9
4668,10
4669,11
4670,9
4671,11
4672,10
4673,12
4674,13
4675,10
4676,10
4677,8
4678,9
4679,11
4680,12
4681,10
4682,9
4683,8
4684,8
4685,11
4686,9
4687,10
4688,8
4689,9
4690,7
4691,9
4692,9
4693,9
4694,9
4695,10
4696,9
4697,10
4698,10
4699,8
4700,8
4701,9
4702,11
4703,11
4704,9
4705,10
4706,10
4707,11
4708,11
4709,9
4710,9
4711,8
4712,10
4713,12
4714,10
4715,13
4716,11
4717,12
4718,12
4719,12
4720,11
4721,13
4722,11
4723,11
4724,10
4725,11
4726,13
4727,14
4728,13
4729,13
4730,11
4731,14
4732,13
4733,13
4734,10
4735,11
4736,9
4737,11
4738,10
4739,9
4740,9
4741,11
4742,9
4743,10
4744,9
4745,11
4746,11
4747,11
4748,11
4749,12
4750,13
4751,13
4752,12
4753,12
4754,13
4755,12
4756,10
4757,12
4758,10
4759,10
4760,10
4761,12
4762,9
4763,8
4764,9
4765,9
4766,8
4767,8
4768,9
4769,10
4770,9
4771,8
4772,8
4773,11
4774,9
4775,9
4776,9
4777,10
4778,9
4779,10
4780,9
4781,11
4782,12
4783,12
4784,12
4785,12
4786,12
4787,12
4788,12
4789,12
4790,11
4791,10
4792,11
4793,11
4794,13
4795,13
4796,13
4797,11
4798,12
4799,11
4800,10
4801,11
4802,14
4803,12
4804,14
4805,12
4806,12
4807,11
4808,11
4809,10
4810,11
4811,9
4812,9
4813,12
4814,12
4815,12
4816,12
4817,10
4818,11
4819,10
4820,10
4821,10
4822,9
4823,9
4824,12
4825,11
4826,12
4827,12
4828,12
4829,11
4830,12
4831,12
4832,12
4833,12
4834,11
4835,12
4836,14
4837,14
4838,14
4839,13
4840,13
4841,12
4842,11
4843,11
4844,10
4845,11
4846,11
4847,10
4848,10
4849,10
4850,9
4851,9
4852,8
4853,9
4854,11
4855,9
4856,10
4857,10
4858,10
4859,11
4860,11
4861,12
4862,14
4863,10
4864,10
4865,11
4866,11
4867,11
4868,11
4869,11
4870,9
4871,9
4872,10
4873,8
4874,9
4875,8
4876,10
4877,11
4878,8
4879,7
4880,7
4881,9
4882,10
4883,12
4884,10
4885,11
4886,12
4887,13
4888,11
4889,10
4890,13
4891,12
4892,11
4893,13
4894,11
4895,14
4896,13
4897,13
4898,13
4899,13
4900,13
4901,12
4902,12
4903,12
4904,11
4905,11
4906,14
4907,13
4908,12
4909,14
4910,13
4911,14
4912,14
4913,15
4914,15
4915,11
4916,13
4917,14
4918,12
4919,12
4920,11
4921,12
4922,10
4923,10
4924,10
4925,12
4926,9
4927,10
4928,8
4929,8
4930,10
4931,11
4932,9
4933,9
4934,9
4935,10
4936,10
4937,10
4938,9
4939,9
4940,9
4941,10
4942,10
4943,9
4944,10
4945,10
4946,13
4947,11
4948,11
4949,11
4950,13
4951,13
4952,11
4953,15
4954,14
4955,11
4956,11
4957,10
4958,11
4959,11
4960,10
4961,10
4962,10
4963,11
4964,9
4965,10
4966,10
4967,11
4968,10
4969,11
4970,11
4971,13
4972,14
4973,15
4974,12
4975,13
4976,13
4977,14
4978,12
4979,14
4980,14
4981,14
4982,13
4983,12
4984,12
4985,12
4986,12
4987,12
4988,11
4989,10
4990,12
4991,12
4992,10
4993,13
4994,12
4995,10
4996,12
4997,11
4998,12
4999,11
5000,10
5001,11
5002,10
5003,9
5004,9
5005,10
5006,11
5007,10
5008,10
5009,10
5010,11
5011,10
5012,10
5013,7
5014,8
5015,9
5016,11
5017,11
5018,12
5019,11
5020,10
5021,11
5022,12
5023,12
5024,12
5025,11
5026,13
5027,13
5028,10
5029,12
5030,11
5031,10
5032,10
5033,10
5034,9
5035,10
5036,10
5037,10
5038,11
5039,9
5040,9
5041,8
5042,9
5043,8
5044,9
5045,10
5046,10
5047,12
5048,10
5049,11
5050,9
5051,10
5052,9
5053,10
5054,9
5055,10
5056,10
5057,11
5058,11
5059,10
5060,11
5061,11
5062,12
5063,12
5064,11
5065,12
5066,12
5067,11
5068,11
5069,10
5070,10
5071,11
5072,11
5073,11
5074,11
5075,9
5076,12
5077,13
5078,12
5079,13
5080,13
5081,14
5082,13
5083,15
5084,14
5085,12
5086,13
5087,13
5088,14
5089,14
5090,13
5091,14
5092,12
5093,14
5094,12
5095,11
5096,10
5097,12
5098,12
5099,11
5100,10
5101,13
5102,13
5103,13
5104,11
5105,11
5106,13
5107,11
5108,11
5109,10
5110,10
5111,10
5112,11
5113,10
5114,11
5115,11
5116,11
5117,10
5118,10
5119,9
5120,10
5121,10
5122,10
5123,9
5124,8
5125,10
5126,9
5127,10
5128,8
5129,9
5130,8
5131,9
5132,9
5133,10
5134,8
5135,9
5136,10
5137,9
5138,12
5139,10
5140,11
5141,11
5142,10
5143,11
5144,10
5145,10
5146,11
5147,12
5148,8
5149,10
5150,10
5151,9
5152,8
5153,10
5154,8
5155,11
5156,10
5157,10
5158,9
5159,10
5160,9
5161,11
5162,10
5163,11
5164,11
5165,11
5166,11
5167,12
5168,11
5169,13
5170,13
5171,12
5172,12
5173,10
5174,11
5175,10
5176,10
5177,11
5178,11
5179,11
5180,11
5181,10
5182,10
5183,10
5184,9
5185,10
5186,9
5187,10
5188,12
5189,11
5190,10
5191,10
5192,11
5193,11
5194,12
5195,14
5196,13
5197,15
5198,11
5199,13
5200,12
5201,13
5202,13
5203,11
5204,11
5205,12
5206,10
5207,12
5208,9
5209,11
5210,11
5211,9
5212,8
5213,9
5214,7
5215,11
5216,7
5217,10
5218,10
5219,10
5220,9
5221,12
5222,12
5223,9
5224,10
5225,10
5226,10
5227,10
5228,10
5229,10
5230,10
5231,9
5232,9
5233,10
5234,10
5235,12
5236,10
5237,12
5238,13
5239,10
5240,10
5241,11
5242,8
5243,8
5244,9
5245,9
5246,10
5247,11
5248,11
5249,12
5250,12
5251,13
5252,12
5253,12
5254,12
5255,11
5256,10
5257,12
5258,11
5259,12
5260,10
5261,10
5262,9
5263,12
5264,12
5265,10
5266,11
5267,12
5268,11
5269,12
5270,10
5271,12
5272,12
5273,13
5274,12
5275,12
5276,12
5277,11
5278,11
5279,13
5280,12
5281,11
5282,9
5283,8
5284,9
5285,11
5286,12
5287,11
5288,11
5289,12
5290,12
5291,11
5292,11
5293,11
5294,12
5295,14
5296,14
5297,10
5298,12
5299,11
5300,11
5301,12
5302,12
5303,11
5304,12
5305,11
5306,11
5307,11
5308,12
5309,12
5310,12
5311,12
5312,14
5313,12
5314,15
5315,14
5316,15
5317,13
5318,13
5319,15
5320,13
5321,12
5322,11
5323,12
5324,12
5325,12
5326,10
5327,10
5328,9
5329,11
5330,10
5331,12
5332,11
5333,10
5334,11
5335,10
5336,9
5337,11
5338,10
5339,11
5340,10
5341,11
5342,12
5343,11
5344,11
5345,10
5346,11
5347,10
5348,9
5349,10
5350,11
5351,11
5352,9
5353,9
5354,9
5355,11
5356,8
5357,10
5358,11
5359,10
5360,10
5361,9
5362,10
5363,10
5364,10
5365,10
5366,11
5367,11
5368,11
5369,11
5370,11
5371,9
5372,8
5373,11
5374,9
5375,9
5376,10
5377,12
5378,9
5379,10
5380,9
5381,12
5382,11
5383,12
5384,12
5385,11
5386,13
5387,10
5388,12
5389,13
5390,13
5391,13
5392,11
5393,10
5394,10
5395,10
5396,10
5397,10
5398,11
5399,11
5400,11
5401,11
5402,11
5403,9
5404,9
5405,9
5406,10
5407,10
5408,8
5409,10
5410,9
5411,10
5412,10
5413,11
5414,10
5415,11
5416,12
5417,12
5418,11
5419,11
5420,12
5421,11
5422,11
5423,12
5424,11
5425,12
5426,11
5427,10
5428,10
5429,9
5430,7
5431,8
5432,9
5433,9
5434,9
5435,8
5436,9
5437,12
5438,11
5439,12
5440,11
5441,12
5442,13
5443,12
5444,11
5445,12
5446,10
5447,9
5448,9
5449,12
5450,11
5451,11
5452,9
5453,11
5454,11
5455,10
5456,10
5457,11
5458,9
5459,9
5460,9
5461,11
5462,8
5463,9
5464,8
5465,11
5466,10
5467,10
5468,11
5469,11
5470,12
5471,12
5472,12
5473,11
5474,11
5475,12
5476,10
5477,12
5478,13
5479,12
5480,11
5481,12
5482,12
5483,15
5484,13
5485,14
5486,14
5487,11
5488,13
5489,12
5490,11
5491,11
5492,12
5493,11
5494,10
5495,10
5496,10
5497,11
5498,9
5499,9
5500,11
5501,9
5502,8
5503,9
5504,9
5505,10
5506,11
5507,12
5508,9
5509,11
5510,11
5511,11
5512,12
5513,12
5514,12
5515,9
5516,10
5517,9
5518,9
5519,10
5520,9
5521,11
5522,11
5523,11
5524,11
5525,12
5526,11
5527,12
5528,15
5529,10
5530,10
5531,10
5532,10
5533,12
5534,11
5535,9
5536,11
5537,9
5538,9
5539,10
5540,10
5541,9
5542,9
5543,9
5544,8
5545,8
5546,10
5547,8
5548,9
5549,9
5550,8
5551,8
5552,10
5553,9
5554,8
5555,11
5556,11
5557,12
5558,13
5559,11
5560,14
5561,13
5562,13
5563,12
5564,13
5565,13
5566,13
5567,12
5568,11
5569,7
5570,9
5571,10
5572,8
5573,10
5574,10
5575,10
5576,11
5577,9
5578,10
5579,8
5580,11
5581,9
5582,8
5583,10
5584,8
5585,9
5586,12
5587,11
5588,10
5589,12
5590,12
5591,11
5592,12
5593,12
5594,11
5595,11
5596,11
5597,12
5598,11
5599,11
5600,10
5601,10
5602,10
5603,10
5604,13
5605,12
5606,12
5607,12
5608,12
5609,12
5610,14
5611,14
5612,13
5613,14
5614,14
5615,14
5616,14
5617,13
5618,14
5619,14
5620,13
5621,12
5622,11
5623,13
5624,12
5625,13
5626,11
5627,11
5628,11
5629,14
5630,12
5631,11
5632,9
5633,12
5634,12
5635,12
5636,13
5637,12
5638,13
5639,13
5640,11
5641,13
5642,11
5643,11
5644,12
5645,13
5646,13
5647,13
5648,12
5649,12
5650,10
5651,10
5652,11
5653,10
5654,10
5655,10
5656,10
5657,10
5658,12
5659,13
5660,12
5661,14
5662,11
5663,14
5664,13
5665,13
5666,14
5667,12
5668,13
5669,15
5670,14
5671,13
5672,13
5673,13
5674,13
5675,13
5676,13
5677,12
5678,13
5679,14
5680,13
5681,13
5682,11
5683,12
5684,11
5685,12
5686,12
5687,13
5688,10
5689,11
5690,11
5691,11
5692,11
5693,10
5694,9
5695,10
5696,10
5697,10
5698,11
5699,10
5700,10
5701,10
5702,10
5703,10
5704,10
5705,10
5706,9
5707,11
5708,10
5709,10
5710,11
5711,11
5712,11
5713,9
5714,8
5715,9
5716,11
5717,9
5718,10
5719,11
5720,11
5721,13
5722,12
5723,12
5724,12
5725,12
5726,10
5727,12
5728,11
5729,12
5730,11
5731,12
5732,12
5733,11
5734,11
5735,10
5736,11
5737,12
5738,15
5739,11
5740,12
5741,9
5742,12
5743,14
5744,12
5745,12
5746,12
5747,12
5748,12
5749,12
5750,12
5751,11
5752,10
5753,11
5754,11
5755,11
5756,11
5757,13
5758,14
5759,13
5760,12
5761,14
5762,10
5763,10
5764,9
5765,14
5766,12
5767,12
5768,11
5769,11
5770,11
5771,12
5772,12
5773,12
5774,12
5775,12
5776,11
5777,11
5778,11
5779,10
5780,10
5781,10
5782,12
5783,12
5784,11
5785,12
5786,12
5787,10
5788,11
5789,14
5790,11
5791,12
5792,12
5793,13
5794,14
5795,11
5796,13
5797,14
5798,13
5799,13
5800,12
5801,9
5802,11
5803,12
5804,10
5805,10
5806,10
5807,10
5808,10
5809,10
5810,10
5811,9
5812,11
5813,10
5814,11
5815,10
5816,9
5817,11
5818,10
5819,10
5820,9
5821,10
5822,10
5823,9
5824,7
5825,9
5826,9
5827,9
5828,8
5829,8
5830,9
5831,10
5832,9
5833,10
5834,10
5835,10
5836,10
5837,10
5838,10
5839,9
5840,6
5841,9
5842,9
5843,8
5844,10
5845,10
5846,9
5847,9
5848,10
5849,9
5850,12
5851,11
5852,12
5853,12
5854,12
5855,12
5856,9
5857,11
5858,11
5859,11
5860,12
5861,9
5862,9
5863,11
5864,11
5865,12
5866,14
5867,12
5868,12
5869,13
5870,12
5871,11
5872,11
5873,12
5874,12
5875,12
5876,12
5877,13
5878,12
5879,12
5880,12
5881,12
5882,11
5883,12
5884,11
5885,11
5886,12
5887,13
5888,11
5889,11
5890,12
5891,13
5892,14
5893,13
5894,10
5895,13
5896,11
5897,11
5898,8
5899,9
5900,8
5901,9
5902,10
5903,9
5904,9
5905,13
5906,11
5907,11
5908,11
5909,11
5910,11
5911,12
5912,11
5913,11
5914,10
5915,8
5916,10
5917,10
5918,11
5919,11
5920,11
5921,12
5922,10
5923,13
5924,12
5925,11
5926,11
5927,9
5928,10
5929,12
5930,11
5931,11
5932,11
5933,11
5934,11
5935,10
5936,12
5937,10
5938,11
5939,11
5940,9
5941,11
5942,10
5943,10
5944,11
5945,10
5946,10
5947,11
5948,12
5949,12
5950,12
5951,10
5952,12
5953,10
5954,14
5955,11
5956,11
5957,12
5958,14
5959,12
5960,10
5961,11
5962,11
5963,11
5964,11
5965,12
5966,10
5967,9
5968,10
5969,12
5970,12
5971,12
5972,11
5973,11
5974,11
5975,11
5976,11
5977,11
5978,12
5979,13
5980,14
5981,15
5982,14
5983,13
5984,14
5985,13
5986,15
5987,14
5988,14
5989,14
5990,15
5991,13
5992,15
5993,12
5994,11
5995,10
5996,11
5997,10
5998,12
5999,11
6000,10
6001,11
6002,12
6003,11
6004,11
6005,11
6006,12
6007,9
6008,11
6009,13
6010,12
6011,10
6012,10
6013,11
6014,11
6015,12
6016,12
6017,12
6018,11
6019,12
6020,9
6021,11
6022,12
6023,11
6024,10
6025,10
6026,10
6027,10
6028,10
6029,11
6030,9
6031,11
6032,9
6033,10
6034,10
6035,10
6036,10
6037,10
6038,10
6039,10
6040,10
6041,11
6042,12
6043,10
6044,11
6045,11
6046,10
6047,13
6048,9
6049,9
6050,11
6051,8
6052,10
6053,10
6054,11
6055,9
6056,11
6057,12
6058,13
6059,10
6060,11
6061,11
6062,12
6063,10
6064,10
6065,12
6066,11
6067,12
6068,12
6069,12
6070,12
6071,12
6072,12
6073,12
6074,12
6075,12
6076,13
6077,11
6078,9
6079,10
6080,10
6081,12
6082,11
6083,11
6084,11
6085,11
6086,11
6087,11
6088,12
6089,13
6090,13
6091,12
6092,12
6093,12
6094,12
6095,11
6096,10
6097,10
6098,11
6099,10
6100,13
6101,12
6102,9
6103,9
6104,11
6105,12
6106,12
6107,9
6108,10
6109,10
6110,9
6111,11
6112,10
6113,12
6114,11
6115,14
6116,10
6117,12
6118,12
6119,14
6120,13
6121,14
6122,13
6123,14
6124,12
6125,13
6126,13
6127,14
6128,11
6129,13
6130,11
6131,11
6132,11
6133,10
6134,10
6135,9
6136,9
6137,13
6138,10
6139,9
6140,10
6141,12
6142,12
6143,13
6144,12
6145,11
6146,11
6147,12
6148,11
6149,13
6150,13
6151,13
6152,13
6153,12
6154,12
6155,12
6156,11
6157,12
6158,12
6159,12
6160,11
6161,11
6162,11
6163,12
6164,9
6165,9
6166,9
6167,9
6168,11
6169,9
6170,11
6171,11
6172,11
6173,11
6174,11
6175,10
6176,12
6177,10
6178,10
6179,11
6180,12
6181,14
6182,14
6183,14
6184,13
6185,14
6186,11
6187,11
6188,13
6189,14
6190,12
6191,12
6192,12
6193,13
6194,11
6195,13
6196,14
6197,11
6198,12
6199,12
6200,12
6201,10
6202,11
6203,11
6204,13
6205,11
6206,12
6207,13
6208,12
6209,12
6210,12
6211,12
6212,11
6213,10
6214,11
6215,10
6216,11
6217,10
6218,13
6219,10
6220,10
6221,10
6222,10
6223,10
6224,10
6225,10
6226,11
6227,11
6228,13
6229,11
6230,11
6231,10
6232,11
6233,10
6234,11
6235,12
6236,13
6237,12
6238,12
6239,13
6240,12
6241,13
6242,13
6243,13
6244,13
6245,13
6246,12
6247,11
6248,10
6249,10
6250,12
6251,10
6252,12
6253,13
6254,11
6255,12
6256,11
6257,11
6258,11
6259,11
6260,11
6261,9
6262,10
6263,12
6264,10
6265,12
6266,10
6267,12
6268,11
6269,10
6270,10
6271,9
6272,9
6273,10
6274,9
6275,11
6276,10
6277,10
6278,11
6279,10
6280,11
6281,11
6282,10
6283,10
6284,11
6285,9
6286,9
6287,10
6288,8
6289,9
6290,9
6291,11
6292,11
6293,11
6294,12
6295,11
6296,11
6297,10
6298,9
6299,9
6300,11
6301,10
6302,9
6303,9
6304,9
6305,11
6306,11
6307,11
6308,10
6309,9
6310,9
6311,9
6312,11
6313,12
6314,10
6315,9
6316,10
6317,12
6318,12
6319,13
6320,12
6321,12
6322,14
6323,13
6324,14
6325,14
6326,16
6327,14
6328,12
6329,12
6330,12
6331,15
6332,15
6333,13
6334,14
6335,12
6336,11
6337,11
6338,11
6339,12
6340,13
6341,12
6342,10
6343,10
6344,9
6345,10
6346,12
6347,12
6348,12
6349,14
6350,14
6351,13
6352,11
6353,12
6354,14
6355,15
6356,13
6357,11
6358,10
6359,11
6360,10
6361,12
6362,11
6363,10
6364,12
6365,9
6366,11
6367,13
6368,12
6369,13
6370,13
6371,13
6372,10
6373,12
6374,11
6375,10
6376,11
6377,10
6378,9
6379,10
6380,9
6381,10
6382,9
6383,9
6384,8
6385,8
6386,7
6387,10
6388,7
6389,11
6390,9
6391,10
6392,11
6393,10
6394,10
6395,10
6396,11
6397,11
6398,9
6399,11
6400,10
6401,11
6402,10
6403,14
6404,13
6405,14
6406,14
6407,14
6408,14
6409,15
6410,13
6411,14
6412,12
6413,10
6414,9
6415,12
6416,11
6417,11
6418,9
6419,9
6420,9
6421,9
6422,10
6423,11
6424,10
6425,12
6426,11
6427,12
6428,11
6429,12
6430,11
6431,12
6432,10
6433,11
6434,13
6435,15
6436,13
6437,15
6438,13
6439,15
6440,12
6441,14
6442,11
6443,11
6444,12
6445,12
6446,12
6447,11
6448,11
6449,11
6450,11
6451,11
6452,12
6453,11
6454,9
6455,10
6456,13
6457,12
6458,12
6459,11
6460,12
6461,11
6462,11
6463,10
6464,11
6465,12
6466,11
6467,12
6468,13
6469,12
6470,11
6471,11
6472,11
6473,12
6474,11
6475,11
6476,11
6477,10
6478,11
6479,8
6480,9
6481,10
6482,10
6483,9
6484,9
6485,11
6486,8
6487,9
6488,9
6489,8
6490,9
6491,10
6492,10
6493,9
6494,12
6495,10
6496,12
6497,11
6498,13
6499,12
6500,11
6501,12
6502,11
6503,10
6504,10
6505,9
6506,9
6507,8
6508,10
6509,10
6510,10
6511,10
6512,10
6513,10
6514,10
6515,10
6516,11
6517,11
6518,11
6519,11
6520,12
6521,10
6522,10
6523,10
6524,11
6525,10
6526,12
6527,11
6528,11
6529,12
6530,11
6531,11
6532,11
6533,11
6534,13
6535,11
6536,12
6537,12
6538,12
6539,12
6540,13
6541,14
6542,12
6543,11
6544,13
6545,11
6546,11
6547,13
6548,12
6549,12
6550,11
6551,10
6552,11
6553,12
6554,10
6555,10
6556,9
6557,10
6558,11
6559,11
6560,11
6561,10
6562,13
6563,11
6564,11
6565,11
6566,11
6567,12
6568,10
6569,11
6570,11
6571,11
6572,12
6573,12
6574,12
6575,10
6576,11
6577,13
6578,12
6579,12
6580,14
6581,12
6582,13
6583,12
6584,12
6585,12
6586,12
6587,11
6588,13
6589,12
6590,13
6591,13
6592,12
6593,12
6594,12
6595,12
6596,13
6597,12
6598,12
6599,13
6600,14
6601,12
6602,13
6603,14
6604,15
6605,14
6606,14
6607,13
6608,13
6609,14
6610,13
6611,12
6612,13
6613,14
6614,11
6615,11
6616,10
6617,11
6618,12
6619,13
6620,12
6621,13
6622,14
6623,12
6624,12
6625,13
6626,11
6627,11
6628,12
6629,12
6630,11
6631,12
6632,10
6633,11
6634,10
6635,8
6636,10
6637,9
6638,10
6639,8
6640,9
6641,7
6642,8
6643,8
6644,9
6645,10
6646,8
6647,8
6648,8
6649,11
6650,12
6651,13
6652,12
6653,11
6654,14
6655,13
6656,13
6657,14
6658,14
6659,14
6660,13
6661,14
6662,14
6663,13
6664,12
6665,11
6666,11
6667,12
6668,12
6669,12
6670,11
6671,12
6672,12
6673,13
6674,11
6675,12
6676,11
6677,12
6678,10
6679,10
6680,12
6681,12
6682,11
6683,12
6684,13
6685,13
6686,12
6687,13
6688,13
6689,13
6690,12
6691,11
6692,10
6693,10
6694,13
6695,9
6696,9
6697,9
6698,12
6699,11
6700,10
6701,11
6702,11
6703,11
6704,11
6705,9
6706,11
6707,10
6708,11
6709,12
6710,12
6711,11
6712,13
6713,11
6714,11
6715,9
6716,8
6717,9
6718,9
6719,8
6720,9
6721,11
6722,8
6723,9
6724,9
6725,9
6726,10
6727,8
6728,10
6729,10
6730,10
6731,10
6732,10
6733,11
6734,10
6735,10
6736,10
6737,12
6738,13
6739,13
6740,11
6741,9
6742,12
6743,9
6744,12
6745,12
6746,9
6747,8
6748,7
6749,10
6750,8
6751,9
6752,10
6753,11
6754,9
6755,9
6756,9
6757,9
6758,10
6759,10
6760,10
6761,10
6762,11
6763,11
6764,12
6765,12
6766,12
6767,12
6768,13
6769,13
6770,13
6771,12
6772,12
6773,14
6774,13
6775,13
6776,13
6777,12
6778,12
6779,11
6780,11
6781,11
6782,12
6783,12
6784,13
6785,12
6786,13
6787,12
6788,11
6789,11
6790,12
6791,13
6792,14
6793,13
6794,13
6795,14
6796,12
6797,14
6798,15
6799,14
6800,15
6801,14
6802,13
6803,12
6804,13
6805,12
6806,10
6807,11
6808,11
6809,12
6810,10
6811,10
6812,10
6813,11
6814,11
6815,9
6816,9
6817,11
6818,12
6819,11
6820,12
6821,12
6822,13
6823,14
6824,12
6825,12
6826,9
6827,12
6828,9
6829,11
6830,10
6831,11
6832,8
6833,11
6834,11
6835,9
6836,9
6837,9
6838,9
6839,9
6840,8
6841,9
6842,9
6843,9
6844,9
6845,11
6846,10
6847,10
6848,10
6849,10
6850,11
6851,9
6852,10
6853,12
6854,9
6855,9
6856,9
6857,11
6858,10
6859,10
6860,9
6861,10
6862,9
6863,10
6864,10
6865,11
6866,11
6867,9
6868,8
6869,8
6870,9
6871,9
6872,8
6873,9
6874,9
6875,9
6876,10
6877,9
6878,9
6879,11
6880,12
6881,11
6882,10
6883,9
6884,10
6885,10
6886,11
6887,12
6888,11
6889,11
6890,10
6891,9
6892,7
6893,10
6894,10
6895,10
6896,8
6897,9
6898,8
6899,9
6900,9
6901,9
6902,9
6903,9
6904,8
6905,8
6906,7
6907,8
6908,8
6909,8
6910,7
6911,10
6912,8
6913,8
6914,8
6915,11
6916,8
6917,9
6918,9
6919,10
6920,9
6921,12
6922,10
6923,11
6924,11
6925,11
6926,12
6927,13
6928,13
6929,12
6930,13
6931,12
6932,11
6933,11
6934,12
6935,12
6936,10
6937,11
6938,12
6939,12
6940,12
6941,13
6942,12
6943,11
6944,11
6945,12
6946,12
6947,9
6948,10
6949,13
6950,9
6951,10
6952,9
6953,11
6954,10
6955,11
6956,12
6957,11
6958,11
6959,9
6960,9
6961,9
6962,10
6963,9
6964,9
6965,9
6966,9
6967,9
6968,9
6969,12
6970,11
6971,11
6972,11
6973,10
6974,10
6975,11
6976,9
6977,8
6978,10
6979,12
6980,9
6981,9
6982,11
6983,12
6984,11
6985,11
6986,11
6987,12
6988,11
6989,12
6990,12
6991,12
6992,11
6993,12
6994,12
6995,12
6996,10
6997,12
6998,12
6999,12
7000,12
7001,12
7002,11
7003,11
7004,11
7005,11
7006,10
7007,10
7008,11
7009,11
7010,12
7011,12
7012,9
7013,9
7014,10
7015,9
7016,9
7017,9
7018,9
7019,10
7020,7
7021,8
7022,7
7023,7
7024,9
7025,10
7026,10
7027,8
7028,9
7029,11
7030,11
7031,9
7032,13
7033,13
7034,12
7035,11
7036,12
7037,11
7038,12
7039,12
7040,13
7041,14
7042,11
7043,12
7044,12
7045,14
7046,13
7047,13
7048,11
7049,11
7050,11
7051,12
7052,11
7053,13
7054,12
7055,13
7056,15
7057,13
7058,13
7059,11
7060,11
7061,12
7062,10
7063,12
7064,11
7065,11
7066,14
7067,12
7068,11
7069,14
7070,13
7071,12
7072,14
7073,12
7074,11
7075,12
7076,13
7077,13
7078,13
7079,13
7080,14
7081,13
7082,15
7083,13
7084,13
7085,14
7086,11
7087,11
7088,12
7089,11
7090,12
7091,11
7092,11
7093,10
7094,11
7095,11
7096,11
7097,11
7098,11
7099,12
7100,12
7101,12
7102,12
7103,12
7104,12
7105,12
7106,11
7107,11
7108,11
7109,11
7110,12
7111,10
7112,11
7113,11
7114,10
7115,10
7116,10
7117,12
7118,10
7119,10
7120,11
7121,12
7122,11
7123,11
7124,11
7125,12
7126,10
7127,10
7128,10
7129,11
7130,9
7131,10
7132,10
7133,12
7134,10
7135,10
7136,11
7137,8
7138,10
7139,10
7140,10
7141,9
7142,8
7143,10
7144,12
7145,9
7146,10
7147,9
7148,10
7149,10
7150,10
7151,11
7152,8
7153,9
7154,10
7155,11
7156,10
7157,12
7158,12
7159,12
7160,11
7161,11
7162,10
7163,10
7164,11
7165,11
7166,10
7167,9
7168,9
7169,9
7170,10
7171,10
7172,9
7173,10
7174,9
7175,8
7176,8
7177,10
7178,9
7179,10
7180,8
7181,8
7182,9
7183,8
7184,10
7185,9
7186,9
7187,7
7188,11
7189,10
7190,12
7191,13
7192,9
7193,8
7194,10
7195,10
7196,12
7197,11
7198,11
7199,9
7200,10
7201,12
7202,11
7203,10
7204,10
7205,8
7206,9
7207,11
7208,11
7209,13
7210,11
7211,12
7212,12
7213,12
7214,13
7215,15
7216,11
7217,13
7218,14
7219,12
7220,14
7221,16
7222,13
7223,8
7224,10
7225,12
7226,10
7227,8
7228,11
7229,10
7230,9
7231,10
7232,10
7233,11
7234,11
7235,11
7236,10
7237,13
7238,13
7239,12
7240,11
7241,11
7242,11
7243,11
7244,9
7245,10
7246,9
7247,11
7248,12
7249,9
7250,9
7251,9
7252,10
7253,12
7254,12
7255,10
7256,11
7257,11
7258,12
7259,9
7260,8
7261,9
7262,11
7263,9
7264,11
7265,10
7266,10
7267,10
7268,10
7269,11
7270,10
7271,12
7272,13
7273,12
7274,12
7275,11
7276,12
7277,14
7278,12
7279,11
7280,9
7281,10
7282,8
7283,10
7284,9
7285,11
7286,10
7287,10
7288,10
7289,10
7290,9
7291,10
7292,10
7293,10
7294,9
7295,10
7296,10
7297,12
7298,10
7299,10
7300,12
7301,10
7302,13
7303,13
7304,12
7305,12
7306,11
7307,12
7308,11
7309,11
7310,11
7311,10
7312,9
7313,10
7314,8
7315,13
7316,10
7317,9
7318,9
7319,10
7320,10
7321,9
7322,9
7323,9
7324,12
7325,11
7326,10
7327,10
7328,11
7329,12
7330,11
7331,12
7332,12
7333,11
7334,11
7335,10
7336,10
7337,8
7338,8
7339,8
7340,8
7341,8
7342,8
7343,9
7344,7
7345,11
7346,11
7347,10
7348,8
7349,10
7350,11
7351,10
7352,11
7353,11
7354,14
7355,14
7356,12
7357,12
7358,13
7359,11
7360,11
7361,13
7362,13
7363,12
7364,12
7365,12
7366,11
7367,9
7368,10
7369,11
7370,12
7371,11
7372,11
7373,11
7374,10
7375,9
7376,10
7377,10
7378,10
7379,10
7380,11
7381,11
7382,9
7383,10
7384,10
7385,9
7386,9
7387,10
7388,13
7389,10
7390,11
7391,11
7392,12
7393,12
7394,11
7395,11
7396,10
7397,9
7398,10
7399,9
7400,11
7401,10
7402,10
7403,10
7404,9
7405,12
7406,8
7407,10
7408,10
7409,9
7410,10
7411,9
7412,11
7413,11
7414,12
7415,12
7416,11
7417,13
7418,11
7419,12
7420,12
7421,12
7422,12
7423,13
7424,14
7425,13
7426,14
7427,13
7428,13
7429,12
7430,12
7431,13
7432,11
7433,11
7434,11
7435,11
7436,11
7437,10
7438,10
7439,10
7440,11
7441,11
7442,11
7443,11
7444,11
7445,12
7446,10
7447,11
7448,10
7449,11
7450,12
7451,10
7452,13
7453,11
7454,12
7455,12
7456,10
7457,12
7458,11
7459,9
7460,10
7461,10
7462,9
7463,10
7464,10
7465,11
7466,9
7467,9
7468,10
7469,10
7470,9
7471,11
7472,9
7473,7
7474,9
7475,10
7476,10
7477,9
7478,9
7479,10
7480,12
7481,9
7482,11
7483,11
7484,11
7485,11
7486,10
7487,10
7488,10
7489,10
7490,11
7491,12
7492,10
7493,10
7494,11
7495,10
7496,10
7497,10
7498,9
7499,9
7500,9
7501,7
7502,7
7503,9
7504,8
7505,10
7506,10
7507,10
7508,8
7509,9
7510,9
7511,11
7512,10
7513,9
7514,10
7515,10
7516,9
7517,11
7518,10
7519,12
7520,12
7521,13
7522,15
7523,11
7524,11
7525,10
7526,11
7527,8
7528,8
7529,9
7530,9
7531,9
7532,10
7533,10
7534,12
7535,11
7536,11
7537,13
7538,11
7539,13
7540,11
7541,11
7542,12
7543,11
7544,12
7545,12
7546,11
7547,14
7548,13
7549,15
7550,14
7551,13
7552,12
7553,12
7554,13
7555,12
7556,11
7557,12
7558,12
7559,13
7560,14
7561,14
7562,11
7563,11
7564,11
7565,12
7566,11
7567,10
7568,10
7569,10
7570,10
7571,10
7572,12
7573,10
7574,11
7575,9
7576,8
7577,10
7578,9
7579,8
7580,10
7581,9
7582,8
7583,9
7584,7
7585,8
7586,8
7587,7
7588,7
7589,7
7590,8
7591,7
7592,7
7593,10
7594,10
7595,10
7596,9
7597,9
7598,8
7599,9
7600,10
7601,10
7602,11
7603,11
7604,9
7605,12
7606,11
7607,12
7608,12
7609,13
7610,13
7611,13
7612,14
7613,15
7614,13
7615,14
7616,11
7617,8
7618,12
7619,12
7620,13
7621,15
7622,15
7623,12
7624,12
7625,13
7626,13
7627,13
7628,13
7629,13
7630,14
7631,13
7632,13
7633,14
7634,13
7635,15
7636,10
7637,12
7638,13
7639,11
7640,11
7641,11
7642,13
7643,11
7644,9
7645,9
7646,10
7647,8
7648,9
7649,8
7650,8
7651,11
7652,10
7653,9
7654,10
7655,11
7656,14
7657,12
7658,12
7659,13
7660,11
7661,11
7662,12
7663,10
7664,11
7665,13
7666,13
7667,11
7668,12
7669,14
7670,14
7671,14
7672,12
7673,13
7674,14
7675,13
7676,12
7677,11
7678,12
7679,12
7680,11
7681,12
7682,11
7683,11
7684,12
7685,11
7686,11
7687,11
7688,10
7689,10
7690,10
7691,11
7692,12
7693,11
7694,11
7695,9
7696,11
7697,13
7698,12
7699,10
7700,10
7701,12
7702,15
7703,12
7704,12
7705,13
7706,13
7707,13
7708,13
7709,12
7710,13
7711,12
7712,13
7713,10
7714,12
7715,13
7716,13
7717,12
7718,11
7719,10
7720,10
7721,9
7722,9
7723,9
7724,10
7725,12
7726,9
7727,10
7728,9
7729,10
7730,10
7731,11
7732,11
7733,12
7734,13
7735,11
7736,11
7737,12
7738,13
7739,12
7740,12
7741,13
7742,14
7743,9
7744,10
7745,11
7746,11
7747,9
7748,10
7749,12
7750,12
7751,12
7752,11
7753,12
7754,11
7755,13
7756,12
7757,14
7758,13
7759,12
7760,11
7761,12
7762,11
7763,11
7764,13
7765,12
7766,14
7767,13
7768,15
7769,14
7770,15
7771,13
7772,12
7773,14
7774,14
7775,13
7776,12
7777,12
7778,12
7779,10
7780,10
7781,11
7782,10
7783,10
7784,10
7785,10
7786,10
7787,10
7788,10
7789,13
7790,10
7791,10
7792,10
7793,10
7794,10
7795,11
7796,10
7797,11
7798,9
7799,10
7800,12
7801,11
7802,11
7803,11
7804,10
7805,9
7806,9
7807,9
7808,11
7809,11
7810,9
7811,10
7812,9
7813,10
7814,10
7815,9
7816,8
7817,10
7818,10
7819,10
7820,9
7821,12
7822,12
7823,11
7824,9
7825,9
7826,10
7827,10
7828,10
7829,12
7830,10
7831,11
7832,12
7833,11
7834,9
7835,9
7836,10
7837,11
7838,9
7839,10
7840,9
7841,10
7842,9
7843,12
7844,11
7845,12
7846,12
7847,12
7848,12
7849,13
7850,13
7851,12
7852,13
7853,10
7854,10
7855,11
7856,11
7857,11
7858,11
7859,10
7860,10
7861,11
7862,8
7863,8
7864,8
7865,6
7866,8
7867,8
7868,10
7869,9
7870,10
7871,9
7872,9
7873,11
7874,14
7875,13
7876,13
7877,13
7878,15
7879,14
7880,15
7881,12
7882,13
7883,11
7884,12
7885,14
7886,12
7887,13
7888,13
7889,13
7890,13
7891,11
7892,11
7893,13
7894,11
7895,12
7896,10
7897,11
7898,11
7899,12
7900,12
7901,11
7902,10
7903,11
7904,11
7905,14
7906,14
7907,12
7908,12
7909,12
7910,11
7911,11
7912,10
7913,10
7914,7
7915,8
7916,8
7917,8
7918,7
7919,7
7920,7
7921,7
7922,7
7923,7
7924,7
7925,7
7926,7
7927,9
7928,10
7929,10
7930,10
7931,11
7932,9
7933,12
7934,10
7935,11
7936,10
7937,8
7938,11
7939,10
7940,11
7941,12
7942,14
7943,13
7944,12
7945,13
7946,12
7947,12
7948,13
7949,13
7950,13
7951,10
7952,10
7953,10
7954,11
7955,10
7956,11
7957,13
7958,12
7959,11
7960,10
7961,11
7962,10
7963,11
7964,10
7965,10
7966,12
7967,13
7968,12
7969,15
7970,13
7971,11
7972,12
7973,10
7974,11
7975,12
7976,11
7977,9
7978,9
7979,11
7980,10
7981,12
7982,10
7983,11
7984,9
7985,9
7986,12
7987,10
7988,11
7989,12
7990,13
7991,11
7992,11
7993,11
7994,12
7995,11
7996,11
7997,12
7998,13
7999,12
8000,10
8001,11
8002,12
8003,12
8004,11
8005,11
8006,12
8007,13
8008,11
8009,13
8010,10
8011,10
8012,9
8013,10
8014,10
8015,10
8016,11
8017,10
8018,10
8019,10
8020,12
8021,12
8022,12
8023,12
8024,10
8025,10
8026,8
8027,9
8028,9
8029,9
8030,8
8031,8
8032,8
8033,9
8034,11
8035,11
8036,9
8037,11
8038,9
8039,11
8040,10
8041,11
8042,9
8043,12
8044,12
8045,11
8046,12
8047,10
8048,12
8049,13
8050,11
8051,12
8052,9
8053,10
8054,11
8055,10
8056,13
8057,12
8058,12
8059,12
8060,11
8061,12
8062,13
8063,12
8064,12
8065,12
8066,13
8067,12
8068,11
8069,11
8070,11
8071,11
8072,11
8073,10
8074,10
8075,10
8076,10
8077,12
8078,10
8079,10
8080,10
8081,11
8082,10
8083,11
8084,10
8085,10
8086,8
8087,10
8088,8
8089,9
8090,11
8091,11
8092,11
8093,10
8094,10
8095,11
8096,11
8097,10
8098,12
8099,11
8100,11
8101,13
8102,11
8103,10
8104,10
8105,11
8106,11
8107,10
8108,12
8109,11
8110,10
8111,10
8112,8
8113,9
8114,8
8115,7
8116,8
8117,10
8118,8
8119,7
8120,9
8121,10
8122,12
8123,10
8124,10
8125,10
8126,11
8127,11
8128,11
8129,10
8130,9
8131,10
8132,11
8133,11
8134,11
8135,10
8136,11
8137,10
8138,11
8139,10
8140,9
8141,8
8142,9
8143,9
8144,9
8145,9
8146,10
8147,10
8148,9
8149,9
8150,9
8151,9
8152,8
8153,8
8154,9
8155,8
8156,9
8157,9
8158,10
8159,11
8160,9
8161,10
8162,9
8163,10
8164,10
8165,8
8166,10
8167,7
8168,8
8169,7
8170,11
8171,10
8172,10
8173,11
8174,11
8175,12
8176,12
8177,12
8178,12
8179,13
8180,13
8181,13
8182,12
8183,13
8184,12
8185,13
8186,12
8187,10
8188,11
8189,11
8190,10
8191,10
8192,10
8193,11
8194,12
8195,10
8196,10
8197,9
8198,9
8199,9
8200,7
8201,7
8202,6
8203,7
8204,9
8205,9
8206,10
8207,10
8208,10
8209,10
8210,12
8211,12
8212,12
8213,10
8214,12
8215,11
8216,10
8217,12
8218,13
8219,13
8220,13
8221,14
8222,12
8223,12
8224,12
8225,13
8226,13
8227,13
8228,13
8229,12
8230,15
8231,16
8232,15
8233,14
8234,15
8235,13
8236,14
8237,13
8238,13
8239,13
8240,12
8241,12
8242,13
8243,13
8244,11
8245,13
8246,13
8247,14
8248,14
8249,13
8250,13
8251,13
8252,14
8253,12
8254,13
8255,12
8256,11
8257,13
8258,12
8259,11
8260,11
8261,12
8262,12
8263,10
8264,10
8265,11
8266,11
8267,10
8268,11
8269,11
8270,11
8271,12
8272,10
8273,10
8274,11
8275,11
8276,11
8277,13
8278,11
8279,13
8280,14
8281,12
8282,13
8283,12
8284,14
8285,14
8286,12
8287,13
8288,13
8289,13
8290,13
8291,12
8292,11
8293,13
8294,11
8295,12
8296,11
8297,11
8298,11
8299,11
8300,11
8301,11
8302,10
8303,11
8304,10
8305,10
8306,10
8307,10
8308,9
8309,10
8310,10
8311,11
8312,11
8313,9
8314,10
8315,10
8316,10
8317,10
8318,10
8319,10
8320,10
8321,11
8322,10
8323,11
8324,11
8325,12
8326,13
8327,12
8328,11
8329,13
8330,12
8331,12
8332,9
8333,12
8334,11
8335,9
8336,11
8337,11
8338,12
8339,12
8340,9
8341,12
8342,12
8343,9
8344,12
8345,10
8346,10
8347,10
8348,12
8349,13
8350,10
8351,11
8352,10
8353,11
8354,11
8355,11
8356,10
8357,11
8358,9
8359,13
8360,11
8361,12
8362,11
8363,11
8364,11
8365,12
8366,11
8367,12
8368,9
8369,11
8370,9
8371,9
8372,9
8373,10
8374,10
8375,11
8376,9
8377,13
8378,13
8379,12
8380,13
8381,14
8382,11
8383,11
8384,11
8385,12
8386,12
8387,11
8388,12
8389,12
8390,12
8391,12
8392,11
8393,10
8394,8
8395,12
8396,9
8397,12
8398,11
8399,9
8400,13
8401,12
8402,13
8403,11
8404,12
8405,13
8406,11
8407,12
8408,12
8409,12
8410,9
8411,11
8412,13
8413,13
8414,11
8415,11
8416,10
8417,11
8418,11
8419,10
8420,10
8421,9
8422,9
8423,11
8424,9
8425,9
8426,10
8427,11
8428,11
8429,11
8430,11
8431,12
8432,11
8433,11
8434,10
8435,11
8436,11
8437,13
8438,12
8439,10
8440,10
8441,12
8442,10
8443,8
8444,9
8445,10
8446,10
8447,11
8448,10
8449,10
8450,10
8451,11
8452,12
8453,9
8454,9
8455,11
8456,9
8457,11
8458,12
8459,9
8460,10
8461,8
8462,9
8463,9
8464,9
8465,10
8466,10
8467,10
8468,10
8469,11
8470,7
8471,8
8472,9
8473,11
8474,9
8475,7
8476,7
8477,9
8478,9
8479,8
8480,9
8481,10
8482,9
8483,10
8484,11
8485,10
8486,10
8487,11
8488,12
8489,12
8490,11
8491,12
8492,11
8493,11
8494,12
8495,11
8496,11
8497,13
8498,12
8499,11
8500,12
8501,12
8502,13
8503,13
8504,11
8505,12
8506,12
8507,13
8508,11
8509,14
8510,14
8511,13
8512,14
8513,14
8514,13
8515,13
8516,13
8517,12
8518,12
8519,12
8520,12
8521,14
8522,11
8523,11
8524,12
8525,12
8526,12
8527,11
8528,11
8529,11
8530,11
8531,11
8532,10
8533,12
8534,12
8535,12
8536,12
8537,13
8538,12
8539,13
8540,14
8541,13
8542,12
8543,12
8544,11
8545,13
8546,12
8547,12
8548,12
8549,14
8550,12
8551,11
8552,12
8553,13
8554,12
8555,13
8556,13
8557,13
8558,14
8559,11
8560,11
8561,11
8562,11
8563,12
8564,10
8565,11
8566,10
8567,10
8568,12
8569,12
8570,10
8571,11
8572,11
8573,14
8574,13
8575,12
8576,11
8577,12
8578,11
8579,13
8580,10
8581,12
8582,12
8583,10
8584,12
8585,11
8586,11
8587,12
8588,12
8589,12
8590,11
8591,11
8592,11
8593,10
8594,10
8595,11
8596,12
8597,13
8598,11
8599,13
8600,13
8601,13
8602,13
8603,13
8604,13
8605,13
8606,13
8607,12
8608,12
8609,10
8610,11
8611,11
8612,10
8613,11
8614,10
8615,11
8616,10
8617,11
8618,11
8619,13
8620,13
8621,11
8622,11
8623,11
8624,10
8625,11
8626,11
8627,11
8628,10
8629,12
8630,13
8631,14
8632,13
8633,12
8634,12
8635,12
8636,12
8637,10
8638,10
8639,11
8640,11
8641,11
8642,12
8643,12
8644,12
8645,13
8646,14
8647,12
8648,12
8649,11
8650,12
8651,11
8652,10
8653,9
8654,9
8655,11
8656,12
8657,12
8658,12
8659,11
8660,12
8661,11
8662,11
8663,10
8664,10
8665,10
8666,10
8667,10
8668,11
8669,10
8670,11
8671,12
8672,13
8673,10
8674,10
8675,11
8676,12
8677,11
8678,11
8679,13
8680,11
8681,10
8682,10
8683,11
8684,13
8685,11
8686,11
8687,12
8688,13
8689,10
8690,14
8691,10
8692,13
8693,13
8694,13
8695,11
8696,10
8697,12
8698,11
8699,11
8700,11
8701,12
8702,10
8703,10
8704,10
8705,10
8706,9
8707,9
8708,9
8709,9
8710,9
8711,9
8712,9
8713,9
8714,7
8715,10
8716,9
8717,8
8718,7
8719,9
8720,9
8721,10
8722,8
8723,12
8724,12
8725,11
8726,11
8727,11
8728,9
8729,11
8730,13
8731,11
8732,11
8733,9
8734,12
8735,12
8736,10
8737,10
8738,10
8739,12
8740,12
8741,12
8742,12
8743,11
8744,13
8745,11
8746,10
8747,12
8748,11
8749,11
8750,12
8751,11
8752,11
8753,11
8754,12
8755,13
8756,13
8757,13
8758,13
8759,12
8760,13
8761,11
8762,11
8763,10
8764,11
8765,12
8766,12
8767,12
8768,12
8769,9
8770,10
8771,11
8772,10
8773,11
8774,11
8775,11
8776,9
8777,7
8778,7
8779,7
8780,6
8781,7
8782,6
8783,7
8784,10
8785,10
8786,9
8787,8
8788,10
8789,9
8790,10
8791,9
8792,9
8793,11
8794,10
8795,11
8796,10
8797,12
8798,8
8799,12
8800,9
8801,11
8802,9
8803,9
8804,7
8805,9
8806,9
8807,9
8808,9
8809,11
8810,9
8811,10
8812,11
8813,10
8814,11
8815,12
8816,12
8817,11
8818,9
8819,11
8820,11
8821,10
8822,11
8823,10
8824,11
8825,12
8826,10
8827,13
8828,10
8829,12
8830,10
8831,9
8832,11
8833,11
8834,12
8835,11
8836,11
8837,11
8838,9
8839,11
8840,11
8841,10
8842,12
8843,10
8844,12
8845,11
8846,12
8847,12
8848,13
8849,13
8850,13
8851,16
8852,13
8853,12
8854,14
8855,14
8856,13
8857,14
8858,13
8859,13
8860,13
8861,13
8862,13
8863,12
8864,12
8865,12
8866,11
8867,11
8868,10
8869,11
8870,10
8871,10
8872,10
8873,10
8874,10
8875,9
8876,11
8877,11
8878,9
8879,11
8880,10
8881,11
8882,12
8883,12
8884,12
8885,12
8886,10
8887,12
8888,11
8889,13
8890,12
8891,12
8892,13
8893,11
8894,11
8895,11
8896,10
8897,11
8898,10
8899,13
8900,11
8901,12
8902,12
8903,12
8904,11
8905,11
8906,11
8907,11
8908,11
8909,12
8910,10
8911,10
8912,10
8913,10
8914,10
8915,10
8916,10
8917,10
8918,10
8919,10
8920,9
8921,9
8922,9
8923,10
8924,8
8925,8
8926,8
8927,7
8928,9
8929,11
8930,9
8931,10
8932,9
8933,8
8934,10
8935,10
8936,9
8937,10
8938,10
8939,10
8940,10
8941,10
8942,11
8943,8
8944,11
8945,10
8946,9
8947,12
8948,10
8949,9
8950,9
8951,8
8952,10
8953,11
8954,10
8955,10
8956,11
8957,11
8958,10
8959,12
8960,11
8961,11
8962,10
8963,11
8964,11
8965,12
8966,11
8967,8
8968,11
8969,11
8970,10
8971,10
8972,11
8973,9
8974,11
8975,10
8976,12
8977,11
8978,8
8979,12
8980,10
8981,11
8982,12
8983,11
8984,11
8985,12
8986,11
8987,11
8988,10
8989,11
8990,11
8991,11
8992,11
8993,13
8994,12
8995,13
8996,12
8997,12
8998,11
8999,12
9000,11
9001,12
9002,10
9003,11
9004,11
9005,11
9006,12
9007,12
9008,11
9009,12
9010,12
9011,11
9012,10
9013,12
9014,10
9015,10
9016,12
9017,12
9018,11
9019,13
9020,13
9021,14
9022,14
9023,12
9024,12
9025,15
9026,13
9027,14
9028,14
9029,14
9030,14
9031,14
9032,15
9033,13
9034,14
9035,12
9036,13
9037,14
9038,13
9039,13
9040,13
9041,12
9042,11
9043,12
9044,12
9045,13
9046,12
9047,14
9048,11
9049,13
9050,13
9051,12
9052,12
9053,12
9054,12
9055,11
9056,11
9057,11
9058,11
9059,11
9060,11
9061,11
9062,11
9063,9
9064,11
9065,11
9066,8
9067,9
9068,9
9069,10
9070,9
9071,11
9072,11
9073,11
9074,10
9075,10
9076,10
9077,12
9078,11
9079,10
9080,9
9081,8
9082,8
9083,9
9084,9
9085,11
9086,11
9087,11
9088,9
9089,8
9090,9
9091,8
9092,7
9093,8
9094,10
9095,10
9096,9
9097,10
9098,11
9099,9
9100,10
9101,11
9102,11
9103,11
9104,11
9105,11
9106,10
9107,9
9108,10
9109,10
9110,11
9111,12
9112,10
9113,11
9114,10
9115,12
9116,14
9117,13
9118,11
9119,12
9120,11
9121,12
9122,11
9123,10
9124,10
9125,13
9126,11
9127,11
9128,11
9129,12
9130,9
9131,11
9132,12
9133,13
9134,11
9135,10
9136,13
9137,11
9138,11
9139,13
9140,12
9141,11
9142,10
9143,12
9144,12
9145,11
9146,11
9147,11
9148,11
9149,11
9150,11
9151,11
9152,11
9153,11
9154,10
9155,10
9156,11
9157,12
9158,15
9159,14
9160,10
9161,10
9162,14
9163,13
9164,14
9165,13
9166,13
9167,14
9168,12
9169,13
9170,12
9171,9
9172,10
9173,11
9174,11
9175,11
9176,11
9177,11
9178,10
9179,10
9180,11
9181,10
9182,9
9183,12
9184,9
9185,9
9186,11
9187,11
9188,10
9189,10
9190,10
9191,11
9192,10
9193,11
9194,10
9195,9
9196,10
9197,7
9198,8
9199,8
9200,8
9201,10
9202,10
9203,10
9204,11
9205,10
9206,9
9207,10
9208,9
9209,8
9210,8
9211,9
9212,8
9213,8
9214,8
9215,7
9216,10
9217,10
9218,10
9219,9
9220,10
9221,7
9222,8
9223,9
9224,8
9225,10
9226,10
9227,11
9228,11
9229,13
9230,12
9231,10
9232,11
9233,11
9234,11
9235,11
9236,11
9237,11
9238,11
9239,10
9240,12
9241,10
9242,10
9243,9
9244,9
9245,9
9246,11
9247,9
9248,9
9249,10
9250,9
9251,9
9252,9
9253,10
9254,12
9255,10
9256,9
9257,8
9258,12
9259,10
9260,11
9261,10
9262,9
9263,9
9264,10
9265,11
9266,11
9267,11
9268,10
9269,12
9270,12
9271,11
9272,11
9273,11
9274,11
9275,11
9276,10
9277,10
9278,10
9279,10
9280,9
9281,12
9282,10
9283,13
9284,11
9285,13
9286,13
9287,14
9288,13
9289,10
9290,10
9291,11
9292,11
9293,10
9294,10
9295,11
9296,11
9297,12
9298,11
9299,11
9300,11
9301,11
9302,11
9303,10
9304,11
9305,10
9306,13
9307,10
9308,11
9309,11
9310,9
9311,10
9312,10
9313,10
9314,11
9315,12
9316,12
9317,11
9318,11
9319,10
9320,10
9321,10
9322,10
9323,10
9324,11
9325,11
9326,10
9327,10
9328,9
9329,8
9330,7
9331,7
9332,8
9333,7
9334,9
9335,8
9336,9
9337,10
9338,9
9339,10
9340,8
9341,8
9342,8
9343,9
9344,8
9345,9
9346,9
9347,8
9348,10
9349,11
9350,12
9351,11
9352,11
9353,12
9354,12
9355,11
9356,11
9357,11
9358,8
9359,7
9360,8
9361,8
9362,9
9363,10
9364,8
9365,9
9366,8
9367,9
9368,8
9369,8
9370,11
9371,9
9372,11
9373,13
9374,12
9375,12
9376,11
9377,13
9378,13
9379,12
9380,10
9381,11
9382,12
9383,12
9384,9
9385,12
9386,9
9387,8
9388,9
9389,9
9390,10
9391,9
9392,11
9393,8
9394,9
9395,10
9396,10
9397,11
9398,11
9399,12
9400,11
9401,12
9402,12
9403,14
9404,13
9405,13
9406,14
9407,14
9408,13
9409,13
9410,12
9411,12
9412,12
9413,10
9414,13
9415,12
9416,12
9417,10
9418,12
9419,12
9420,11
9421,13
9422,11
9423,10
9424,9
9425,9
9426,11
9427,12
9428,11
9429,11
9430,11
9431,11
9432,11
9433,12
9434,12
9435,10
9436,9
9437,11
9438,11
9439,14
9440,11
9441,13
9442,14
9443,15
9444,15
9445,11
9446,11
9447,13
9448,12
9449,11
9450,11
9451,11
9452,11
9453,13
9454,13
9455,12
9456,12
9457,12
9458,14
9459,14
9460,15
9461,13
9462,14
9463,18
9464,16
9465,15
9466,15
9467,16
9468,15
9469,16
9470,15
9471,12
9472,12
9473,12
9474,12
9475,11
9476,11
9477,11
9478,11
9479,11
9480,11
9481,12
9482,12
9483,12
9484,14
9485,11
9486,11
9487,12
9488,14
9489,11
9490,11
9491,11
9492,12
9493,13
9494,13
9495,12
9496,14
9497,14
9498,13
9499,14
9500,14
9501,14
9502,13
9503,14
9504,12
9505,13
9506,13
9507,14
9508,14
9509,12
9510,12
9511,12
9512,11
9513,12
9514,11
9515,11
9516,11
9517,11
9518,11
9519,11
9520,11
9521,9
9522,14
9523,13
9524,11
9525,13
9526,12
9527,12
9528,14
9529,16
9530,13
9531,13
9532,13
9533,13
9534,13
9535,13
9536,14
9537,13
9538,14
9539,13
9540,14
9541,13
9542,13
9543,14
9544,13
9545,13
9546,13
9547,11
9548,10
9549,11
9550,9
9551,10
9552,8
9553,9
9554,12
9555,11
9556,11
9557,11
9558,11
9559,10
9560,10
9561,10
9562,11
9563,10
9564,10
9565,13
9566,9
9567,9
9568,9
9569,11
9570,11
9571,12
9572,9
9573,9
9574,10
9575,10
9576,9
9577,10
9578,10
9579,11
9580,9
9581,10
9582,10
9583,9
9584,11
9585,12
9586,11
9587,11
9588,11
9589,11
9590,11
9591,13
9592,13
9593,13
9594,14
9595,12
9596,12
9597,14
9598,15
9599,13
9600,14
9601,14
9602,16
9603,17
9604,14
9605,16
9606,15
9607,14
9608,15
9609,15
9610,12
9611,15
9612,13
9613,13
9614,13
9615,12
9616,14
9617,12
9618,10
9619,12
9620,12
9621,13
9622,13
9623,14
9624,12
9625,13
9626,13
9627,13
9628,11
9629,11
9630,12
9631,9
9632,10
9633,10
9634,10
9635,9
9636,9
9637,9
9638,10
9639,9
9640,9
9641,9
9642,10
9643,9
9644,9
9645,11
9646,10
9647,10
9648,10
9649,11
9650,11
9651,10
9652,9
9653,9
9654,10
9655,11
9656,14
9657,11
9658,12
9659,12
9660,12
9661,13
9662,11
9663,11
9664,11
9665,10
9666,9
9667,10
9668,13
9669,11
9670,10
9671,9
9672,10
9673,10
9674,7
9675,10
9676,12
9677,10
9678,10
9679,11
9680,12
9681,12
9682,14
9683,14
9684,13
9685,15
9686,14
9687,13
9688,11
9689,12
9690,13
9691,13
9692,13
9693,11
9694,11
9695,12
9696,12
9697,13
9698,11
9699,12
9700,13
9701,12
9702,13
9703,12
9704,14
9705,12
9706,15
9707,12
9708,10
9709,12
9710,13
9711,13
9712,12
9713,12
9714,12
9715,11
9716,12
9717,10
9718,11
9719,10
9720,10
9721,11
9722,11
9723,11
9724,11
9725,12
9726,11
9727,11
9728,11
9729,10
9730,11
9731,11
9732,11
9733,11
9734,11
9735,11
9736,11
9737,11
9738,12
9739,11
9740,12
9741,11
9742,10
9743,8
9744,9
9745,9
9746,10
9747,9
9748,9
9749,10
9750,9
9751,10
9752,10
9753,10
9754,9
9755,10
9756,10
9757,11
9758,10
9759,9
9760,10
9761,11
9762,12
9763,12
9764,10
9765,11
9766,9
9767,9
9768,10
9769,11
9770,9
9771,10
9772,10
9773,9
9774,9
9775,12
9776,12
9777,13
9778,12
9779,11
9780,11
9781,12
9782,11
9783,11
9784,11
9785,12
9786,10
9787,11
9788,12
9789,12
9790,11
9791,12
9792,11
9793,12
9794,11
9795,12
9796,11
9797,13
9798,11
9799,13
9800,11
9801,13
9802,11
9803,10
9804,10
9805,11
9806,10
9807,10
9808,10
9809,11
9810,11
9811,12
9812,13
9813,12
9814,13
9815,13
9816,12
9817,12
9818,12
9819,12
9820,12
9821,13
9822,10
9823,12
9824,12
9825,11
9826,10
9827,12
9828,11
9829,13
9830,11
9831,12
9832,12
9833,11
9834,11
9835,9
9836,9
9837,11
9838,11
9839,9
9840,10
9841,10
9842,13
9843,12
9844,11
9845,8
9846,10
9847,12
9848,10
9849,11
9850,13
9851,13
9852,13
9853,13
9854,12
9855,12
9856,12
9857,12
9858,13
9859,12
9860,13
9861,11
9862,11
9863,12
9864,11
9865,11
9866,12
9867,12
9868,10
9869,11
9870,12
9871,11
9872,12
9873,11
9874,13
9875,10
9876,8
9877,9
9878,9
9879,9
9880,9
9881,9
9882,9
9883,10
9884,9
9885,9
9886,7
9887,7
9888,7
9889,8
9890,8
9891,7
9892,6
9893,8
9894,11
9895,10
9896,11
9897,10
9898,10
9899,10
9900,11
9901,12
9902,12
9903,11
9904,11
9905,9
9906,9
9907,12
9908,11
9909,12
9910,11
9911,12
9912,13
9913,13
9914,12
9915,12
9916,13
9917,10
9918,11
9919,10
9920,11
9921,12
9922,12
9923,12
9924,14
9925,14
9926,13
9927,13
9928,13
9929,15
9930,12
9931,11
9932,11
9933,11
9934,9
9935,10
9936,8
9937,11
9938,11
9939,10
9940,10
9941,10
9942,11
9943,10
9944,10
9945,12
9946,11
9947,11
9948,11
9949,10
9950,12
9951,11
9952,11
9953,12
9954,12
9955,11
9956,12
9957,9
9958,10
9959,9
9960,9
9961,10
9962,10
9963,10
9964,11
9965,9
9966,9
9967,9
9968,12
9969,10
9970,11
9971,10
9972,10
9973,10
9974,10
9975,11
9976,10
9977,8
9978,9
9979,11
9980,11
9981,11
9982,10
9983,9
9984,10
9985,12
9986,12
9987,8
9988,10
9989,8
9990,8
9991,10
9992,8
9993,10
9994,10
9995,10
9996,10
9997,10
9998,8
9999,9
10000,9
