1,2
2,4
3,4
4,3
5,3
6,3
7,3
8,3
9,3
10,3
11,3
12,5
13,4
14,5
15,5
16,5
17,5
18,5
19,5
20,5
21,5
22,5
23,5
24,5
25,6
26,6
27,5
28,4
29,5
30,4
31,4
32,4
33,4
34,4
35,4
36,5
37,5
38,4
39,5
40,4
41,4
42,5
43,4
44,4
45,5
46,3
47,4
48,3
49,3
50,3
51,3
52,3
53,2
54,3
55,3
56,3
57,3
58,3
59,3
60,3
61,3
62,4
63,4
64,4
65,3
66,4
67,3
68,3
69,3
70,3
71,3
72,3
73,3
74,3
75,3
76,3
77,1
78,2
79,1
80,1
81,1
82,1
83,1
84,1
85,1
86,1
87,2
88,2
89,1
90,2
91,2
92,2
93,3
94,3
95,3
96,3
97,3
98,3
99,3
100,3
101,3
102,2
103,2
104,2
105,2
106,2
107,2
108,3
109,4
110,5
111,5
112,5
113,5
114,5
115,5
116,5
117,5
118,5
119,4
120,4
121,4
122,4
123,4
124,4
125,4
126,4
127,4
128,4
129,4
130,4
131,4
132,4
133,5
134,4
135,4
136,4
137,4
138,4
139,4
140,4
141,4
142,4
143,5
144,2
145,3
146,3
147,3
148,2
149,1
150,2
151,1
152,1
153,2
154,2
155,4
156,3
157,3
158,3
159,3
160,3
161,4
162,4
163,4
164,4
165,5
166,5
167,4
168,4
169,5
170,5
171,5
172,5
173,5
174,4
175,4
176,4
177,5
178,5
179,6
180,6
181,6
182,6
183,7
184,6
185,6
186,6
187,6
188,6
189,6
190,6
191,6
192,6
193,6
194,5
195,6
196,5
197,6
198,6
199,7
200,7
201,8
202,8
203,8
204,8
205,8
206,8
207,8
208,7
209,8
210,6
211,7
212,5
213,5
214,5
215,5
216,5
217,6
218,5
219,6
220,6
221,5
222,7
223,4
224,7
225,5
226,6
227,6
228,6
229,6
230,8
231,8
232,8
233,8
234,9
235,7
236,7
237,8
238,7
239,7
240,8
241,6
242,7
243,4
244,4
245,5
246,3
247,4
248,3
249,5
250,5
251,5
252,5
253,5
254,5
255,5
256,5
257,5
258,5
259,5
260,6
261,5
262,6
263,6
264,5
265,6
266,5
267,6
268,5
269,6
270,5
271,6
272,6
273,6
274,6
275,6
276,5
277,5
278,5
279,6
280,5
281,5
282,5
283,6
284,5
285,5
286,5
287,5
288,5
289,5
290,5
291,5
292,5
293,7
294,5
295,5
296,5
297,5
298,5
299,5
300,5
301,5
302,5
303,7
304,7
305,7
306,7
307,6
308,6
309,7
310,7
311,7
312,6
313,6
314,6
315,7
316,7
317,8
318,7
319,7
320,7
321,7
322,8
323,7
324,6
325,7
326,9
327,8
328,8
329,8
330,7
331,8
332,9
333,10
334,9
335,10
336,10
337,10
338,10
339,10
340,9
341,9
342,9
343,9
344,9
345,10
346,8
347,7
348,7
349,6
350,6
351,7
352,7
353,6
354,7
355,6
356,8
357,7
358,7
359,8
360,8
361,8
362,7
363,8
364,7
365,7
366,7
367,7
368,7
369,6
370,6
371,6
372,5
373,6
374,7
375,7
376,7
377,7
378,7
379,8
380,8
381,7
382,8
383,7
384,7
385,10
386,8
387,8
388,8
389,8
390,7
391,7
392,7
393,8
394,7
395,6
396,7
397,6
398,6
399,5
400,5
401,6
402,6
403,6
404,6
405,6
406,6
407,5
408,5
409,5
410,6
411,5
412,6
413,6
414,7
415,6
416,6
417,6
418,8
419,6
420,7
421,6
422,5
423,5
424,6
425,4
426,5
427,5
428,5
429,5
430,7
431,6
432,6
433,6
434,6
435,5
436,5
437,5
438,5
439,4
440,4
441,5
442,5
443,5
444,5
445,5
446,5
447,6
448,7
449,7
450,8
451,8
452,8
453,8
454,8
455,7
456,7
457,7
458,7
459,5
460,6
461,5
462,5
463,6
464,5
465,5
466,7
467,7
468,6
469,7
470,8
471,8
472,7
473,7
474,7
475,7
476,7
477,7
478,7
479,7
480,7
481,8
482,8
483,8
484,8
485,7
486,7
487,9
488,8
489,7
490,4
491,3
492,5
493,5
494,3
495,3
496,4
497,3
498,3
499,5
500,5
501,5
502,5
503,5
504,5
505,5
506,5
507,5
508,5
509,6
510,6
511,6
512,7
513,5
514,5
515,5
516,5
517,6
518,6
519,6
520,4
521,6
522,6
523,6
524,6
525,8
526,7
527,8
528,6
529,7
530,7
531,7
532,7
533,7
534,6
535,6
536,7
537,7
538,7
539,7
540,7
541,8
542,5
543,6
544,7
545,6
546,6
547,6
548,6
549,6
550,7
551,7
552,7
553,7
554,8
555,8
556,7
557,6
558,5
559,6
560,5
561,5
562,6
563,5
564,5
565,8
566,7
567,5
568,6
569,6
570,5
571,4
572,3
573,4
574,5
575,5
576,5
577,5
578,3
579,4
580,3
581,3
582,3
583,4
584,5
585,6
586,8
587,7
588,7
589,8
590,8
591,8
592,8
593,8
594,8
595,8
596,8
597,8
598,8
599,8
600,8
601,8
602,8
603,6
604,6
605,6
606,6
607,7
608,9
609,8
610,10
611,10
612,9
613,10
614,9
615,10
616,8
617,10
618,11
619,10
620,10
621,10
622,10
623,10
624,9
625,9
626,9
627,10
628,10
629,11
630,9
631,9
632,9
633,8
634,7
635,8
636,9
637,7
638,6
639,7
640,7
641,7
642,6
643,5
644,6
645,7
646,7
647,6
648,6
649,7
650,7
651,7
652,6
653,6
654,5
655,6
656,6
657,6
658,6
659,6
660,8
661,8
662,6
663,6
664,6
665,5
666,5
667,4
668,4
669,4
670,4
671,6
672,6
673,8
674,7
675,7
676,7
677,7
678,6
679,7
680,7
681,6
682,7
683,8
684,8
685,8
686,8
687,8
688,8
689,8
690,8
691,8
692,6
693,6
694,7
695,7
696,7
697,6
698,6
699,6
700,5
701,6
702,8
703,6
704,7
705,8
706,9
707,10
708,10
709,9
710,10
711,10
712,10
713,10
714,10
715,10
716,9
717,9
718,9
719,9
720,8
721,8
722,8
723,6
724,6
725,6
726,8
727,7
728,7
729,6
730,7
731,6
732,6
733,7
734,8
735,7
736,8
737,8
738,8
739,8
740,9
741,8
742,8
743,8
744,8
745,8
746,10
747,9
748,9
749,9
750,10
751,9
752,9
753,8
754,7
755,7
756,8
757,8
758,8
759,8
760,8
761,8
762,8
763,8
764,8
765,10
766,10
767,9
768,8
769,8
770,9
771,9
772,9
773,9
774,9
775,10
776,9
777,9
778,8
779,10
780,11
781,9
782,10
783,9
784,9
785,11
786,11
787,9
788,10
789,10
790,11
791,9
792,9
793,9
794,9
795,8
796,8
797,8
798,10
799,8
800,7
801,8
802,7
803,9
804,9
805,9
806,8
807,9
808,7
809,6
810,6
811,7
812,6
813,8
814,7
815,7
816,7
817,7
818,7
819,7
820,8
821,7
822,6
823,8
824,8
825,8
826,8
827,8
828,9
829,9
830,8
831,8
832,7
833,6
834,6
835,7
836,7
837,7
838,7
839,7
840,9
841,9
842,8
843,9
844,7
845,8
846,8
847,7
848,7
849,9
850,7
851,7
852,6
853,5
854,6
855,6
856,6
857,6
858,6
859,6
860,6
861,9
862,7
863,8
864,7
865,7
866,7
867,7
868,7
869,8
870,7
871,7
872,6
873,6
874,6
875,6
876,6
877,6
878,6
879,7
880,6
881,5
882,6
883,7
884,8
885,8
886,8
887,9
888,8
889,8
890,8
891,8
892,8
893,10
894,9
895,8
896,7
897,8
898,7
899,8
900,6
901,7
902,7
903,7
904,6
905,8
906,9
907,9
908,9
909,8
910,8
911,9
912,9
913,8
914,9
915,9
916,8
917,8
918,8
919,8
920,8
921,8
922,9
923,7
924,7
925,6
926,6
927,7
928,6
929,5
930,5
931,5
932,6
933,6
934,6
935,6
936,7
937,8
938,8
939,7
940,7
941,8
942,8
943,9
944,9
945,8
946,9
947,8
948,9
949,8
950,9
951,10
952,8
953,7
954,7
955,8
956,8
957,7
958,9
959,10
960,8
961,8
962,9
963,9
964,9
965,9
966,9
967,9
968,8
969,9
970,10
971,9
972,7
973,11
974,11
975,10
976,9
977,9
978,7
979,6
980,6
981,5
982,7
983,7
984,7
985,7
986,9
987,8
988,9
989,9
990,8
991,8
992,9
993,9
994,9
995,9
996,10
997,10
998,10
999,9
1000,10
1001,8
1002,9
1003,8
1004,7
1005,8
1006,7
1007,8
1008,7
1009,6
1010,8
1011,7
1012,7
1013,7
1014,7
1015,7
1016,7
1017,7
1018,8
1019,7
1020,7
1021,7
1022,7
1023,8
1024,8
1025,8
1026,8
1027,7
1028,7
1029,8
1030,7
1031,8
1032,8
1033,9
1034,8
1035,9
1036,9
1037,9
1038,8
1039,8
1040,8
1041,9
1042,8
1043,8
1044,8
1045,10
1046,10
1047,12
1048,11
1049,9
1050,9
1051,9
1052,11
1053,10
1054,10
1055,9
1056,9
1057,8
1058,8
1059,8
1060,8
1061,8
1062,8
1063,7
1064,7
1065,8
1066,8
1067,7
1068,8
1069,7
1070,7
1071,8
1072,6
1073,7
1074,6
1075,6
1076,6
1077,7
1078,8
1079,9
1080,9
1081,9
1082,9
1083,8
1084,8
1085,8
1086,8
1087,10
1088,7
1089,8
1090,10
1091,9
1092,10
1093,8
1094,8
1095,7
1096,8
1097,7
1098,7
1099,8
1100,8
1101,6
1102,7
1103,6
1104,7
1105,7
1106,7
1107,6
1108,7
1109,7
1110,7
1111,7
1112,7
1113,7
1114,8
1115,7
1116,8
1117,8
1118,8
1119,8
1120,8
1121,7
1122,7
1123,7
1124,6
1125,7
1126,7
1127,6
1128,6
1129,7
1130,7
1131,6
1132,7
1133,7
1134,6
1135,6
1136,5
1137,6
1138,6
1139,5
1140,7
1141,7
1142,7
1143,6
1144,6
1145,7
1146,7
1147,7
1148,5
1149,5
1150,5
1151,5
1152,6
1153,7
1154,7
1155,8
1156,8
1157,8
1158,8
1159,6
1160,6
1161,8
1162,7
1163,7
1164,8
1165,7
1166,7
1167,6
1168,5
1169,5
1170,5
1171,5
1172,5
1173,6
1174,5
1175,5
1176,5
1177,5
1178,5
1179,6
1180,6
1181,8
1182,7
1183,9
1184,9
1185,9
1186,9
1187,9
1188,10
1189,10
1190,10
1191,10
1192,10
1193,9
1194,7
1195,6
1196,7
1197,6
1198,7
1199,6
1200,7
1201,8
1202,8
1203,7
1204,7
1205,6
1206,6
1207,7
1208,7
1209,7
1210,8
1211,8
1212,8
1213,8
1214,8
1215,8
1216,9
1217,7
1218,8
1219,8
1220,11
1221,9
1222,7
1223,9
1224,8
1225,7
1226,7
1227,8
1228,8
1229,8
1230,8
1231,9
1232,8
1233,8
1234,8
1235,9
1236,9
1237,8
1238,7
1239,6
1240,8
1241,6
1242,6
1243,6
1244,6
1245,6
1246,6
1247,8
1248,6
1249,6
1250,7
1251,8
1252,6
1253,8
1254,7
1255,9
1256,8
1257,8
1258,10
1259,9
1260,9
1261,10
1262,10
1263,11
1264,10
1265,10
1266,10
1267,9
1268,9
1269,10
1270,10
1271,10
1272,9
1273,8
1274,8
1275,9
1276,7
1277,7
1278,8
1279,6
1280,7
1281,6
1282,8
1283,7
1284,9
1285,9
1286,9
1287,10
1288,8
1289,9
1290,8
1291,8
1292,8
1293,8
1294,8
1295,11
1296,9
1297,9
1298,10
1299,11
1300,10
1301,10
1302,10
1303,9
1304,8
1305,8
1306,10
1307,8
1308,10
1309,9
1310,8
1311,10
1312,8
1313,9
1314,8
1315,9
1316,10
1317,10
1318,9
1319,9
1320,9
1321,9
1322,8
1323,8
1324,8
1325,8
1326,8
1327,7
1328,9
1329,9
1330,8
1331,7
1332,9
1333,8
1334,9
1335,8
1336,9
1337,9
1338,8
1339,8
1340,9
1341,8
1342,8
1343,8
1344,9
1345,8
1346,9
1347,7
1348,8
1349,8
1350,8
1351,8
1352,10
1353,10
1354,10
1355,10
1356,11
1357,13
1358,11
1359,10
1360,11
1361,10
1362,10
1363,9
1364,9
1365,8
1366,9
1367,7
1368,7
1369,8
1370,7
1371,6
1372,6
1373,5
1374,6
1375,6
1376,4
1377,7
1378,6
1379,7
1380,7
1381,6
1382,7
1383,8
1384,8
1385,9
1386,9
1387,8
1388,9
1389,7
1390,8
1391,8
1392,8
1393,8
1394,8
1395,8
1396,8
1397,8
1398,8
1399,8
1400,8
1401,8
1402,8
1403,5
1404,7
1405,5
1406,6
1407,7
1408,7
1409,7
1410,6
1411,6
1412,6
1413,6
1414,7
1415,7
1416,7
1417,7
1418,7
1419,7
1420,8
1421,9
1422,10
1423,7
1424,10
1425,8
1426,9
1427,9
1428,10
1429,10
1430,9
1431,10
1432,10
1433,10
1434,10
1435,10
1436,11
1437,10
1438,9
1439,8
1440,9
1441,8
1442,7
1443,7
1444,7
1445,8
1446,9
1447,9
1448,9
1449,8
1450,9
1451,8
1452,8
1453,8
1454,11
1455,10
1456,10
1457,10
1458,10
1459,9
1460,10
1461,10
1462,10
1463,10
1464,10
1465,10
1466,9
1467,10
1468,10
1469,10
1470,10
1471,9
1472,9
1473,7
1474,7
1475,8
1476,7
1477,8
1478,7
1479,8
1480,8
1481,8
1482,10
1483,11
1484,10
1485,9
1486,9
1487,9
1488,9
1489,10
1490,10
1491,10
1492,9
1493,9
1494,9
1495,9
1496,9
1497,9
1498,8
1499,8
1500,10
1501,11
1502,10
1503,10
1504,9
1505,8
1506,7
1507,8
1508,8
1509,7
1510,7
1511,8
1512,8
1513,9
1514,8
1515,8
1516,9
1517,8
1518,8
1519,8
1520,8
1521,8
1522,8
1523,9
1524,9
1525,9
1526,8
1527,8
1528,8
1529,8
1530,8
1531,8
1532,7
1533,7
1534,8
1535,7
1536,7
1537,6
1538,9
1539,8
1540,7
1541,7
1542,7
1543,8
1544,8
1545,7
1546,7
1547,8
1548,8
1549,7
1550,7
1551,7
1552,7
1553,8
1554,7
1555,7
1556,7
1557,9
1558,10
1559,10
1560,9
1561,10
1562,11
1563,9
1564,10
1565,9
1566,9
1567,9
1568,10
1569,10
1570,9
1571,10
1572,9
1573,8
1574,9
1575,9
1576,7
1577,9
1578,10
1579,8
1580,10
1581,8
1582,9
1583,10
1584,9
1585,10
1586,10
1587,8
1588,8
1589,8
1590,8
1591,9
1592,10
1593,10
1594,9
1595,8
1596,8
1597,9
1598,8
1599,8
1600,8
1601,9
1602,10
1603,10
1604,11
1605,12
1606,11
1607,11
1608,12
1609,12
1610,12
1611,11
1612,11
1613,11
1614,11
1615,10
1616,12
1617,13
1618,11
1619,13
1620,11
1621,11
1622,12
1623,11
1624,11
1625,11
1626,11
1627,9
1628,9
1629,12
1630,11
1631,11
1632,9
1633,11
1634,9
1635,8
1636,9
1637,9
1638,11
1639,9
1640,10
1641,9
1642,8
1643,10
1644,7
1645,8
1646,8
1647,7
1648,8
1649,8
1650,8
1651,7
1652,6
1653,9
1654,7
1655,8
1656,9
1657,9
1658,9
1659,10
1660,10
1661,10
1662,12
1663,11
1664,10
1665,11
1666,10
1667,9
1668,9
1669,10
1670,9
1671,7
1672,7
1673,8
1674,8
1675,8
1676,8
1677,8
1678,8
1679,8
1680,9
1681,10
1682,12
1683,12
1684,11
1685,11
1686,11
1687,11
1688,11
1689,10
1690,10
1691,7
1692,7
1693,8
1694,7
1695,7
1696,7
1697,7
1698,8
1699,7
1700,7
1701,7
1702,7
1703,7
1704,7
1705,7
1706,7
1707,6
1708,8
1709,7
1710,11
1711,9
1712,9
1713,9
1714,9
1715,9
1716,9
1717,10
1718,10
1719,10
1720,8
1721,8
1722,8
1723,8
1724,8
1725,7
1726,7
1727,8
1728,8
1729,7
1730,6
1731,6
1732,6
1733,6
1734,6
1735,6
1736,5
1737,9
1738,8
1739,9
1740,9
1741,9
1742,11
1743,11
1744,11
1745,10
1746,9
1747,9
1748,9
1749,9
1750,9
1751,7
1752,7
1753,7
1754,7
1755,7
1756,7
1757,7
1758,6
1759,6
1760,8
1761,9
1762,10
1763,10
1764,10
1765,10
1766,10
1767,10
1768,11
1769,11
1770,11
1771,11
1772,11
1773,11
1774,12
1775,11
1776,12
1777,11
1778,11
1779,10
1780,9
1781,10
1782,10
1783,10
1784,12
1785,10
1786,11
1787,11
1788,11
1789,10
1790,9
1791,9
1792,11
1793,8
1794,9
1795,10
1796,8
1797,10
1798,10
1799,10
1800,10
1801,11
1802,12
1803,10
1804,10
1805,9
1806,11
1807,10
1808,8
1809,11
1810,10
1811,11
1812,9
1813,9
1814,9
1815,11
1816,10
1817,10
1818,9
1819,9
1820,9
1821,9
1822,9
1823,10
1824,11
1825,11
1826,11
1827,11
1828,10
1829,11
1830,11
1831,10
1832,9
1833,10
1834,11
1835,9
1836,10
1837,9
1838,10
1839,10
1840,9
1841,9
1842,9
1843,9
1844,9
1845,9
1846,9
1847,9
1848,9
1849,8
1850,9
1851,9
1852,10
1853,10
1854,10
1855,9
1856,10
1857,12
1858,8
1859,9
1860,9
1861,10
1862,10
1863,9
1864,9
1865,9
1866,10
1867,10
1868,9
1869,9
1870,10
1871,9
1872,9
1873,8
1874,8
1875,10
1876,8
1877,8
1878,10
1879,10
1880,10
1881,10
1882,11
1883,10
1884,8
1885,9
1886,8
1887,8
1888,8
1889,10
1890,10
1891,11
1892,9
1893,11
1894,11
1895,9
1896,10
1897,10
1898,11
1899,11
1900,11
1901,12
1902,12
1903,11
1904,11
1905,12
1906,12
1907,9
1908,9
1909,11
1910,12
1911,10
1912,10
1913,10
1914,9
1915,10
1916,10
1917,9
1918,9
1919,9
1920,9
1921,9
1922,10
1923,11
1924,11
1925,11
1926,11
1927,11
1928,11
1929,11
1930,11
1931,11
1932,12
1933,11
1934,12
1935,10
1936,9
1937,10
1938,10
1939,10
1940,10
1941,9
1942,9
1943,10
1944,10
1945,10
1946,10
1947,11
1948,11
1949,10
1950,10
1951,11
1952,9
1953,11
1954,9
1955,10
1956,8
1957,11
1958,9
1959,10
1960,10
1961,10
1962,9
1963,9
1964,9
1965,8
1966,8
1967,8
1968,8
1969,8
1970,7
1971,9
1972,8
1973,9
1974,9
1975,8
1976,8
1977,9
1978,10
1979,8
1980,10
1981,10
1982,10
1983,7
1984,9
1985,8
1986,9
1987,10
1988,9
1989,8
1990,8
1991,8
1992,8
1993,8
1994,8
1995,8
1996,8
1997,8
1998,9
1999,8
2000,9
2001,9
2002,9
2003,9
2004,9
2005,11
2006,9
2007,9
2008,10
2009,9
2010,9
2011,9
2012,9
2013,10
2014,9
2015,9
2016,9
2017,9
2018,8
2019,8
2020,8
2021,8
2022,9
2023,9
2024,8
2025,9
2026,10
2027,9
2028,11
2029,10
2030,9
2031,10
2032,9
2033,11
2034,10
2035,9
2036,11
2037,10
2038,10
2039,9
2040,10
2041,11
2042,10
2043,8
2044,8
2045,8
2046,8
2047,7
2048,6
2049,6
2050,6
2051,6
2052,6
2053,6
2054,7
2055,7
2056,7
2057,8
2058,8
2059,8
2060,9
2061,10
2062,11
2063,10
2064,10
2065,10
2066,10
2067,10
2068,11
2069,11
2070,11
2071,11
2072,12
2073,10
2074,9
2075,9
2076,9
2077,9
2078,9
2079,9
2080,9
2081,9
2082,10
2083,8
2084,9
2085,9
2086,10
2087,11
2088,11
2089,10
2090,13
2091,11
2092,10
2093,12
2094,11
2095,11
2096,11
2097,11
2098,11
2099,11
2100,10
2101,11
2102,10
2103,9
2104,9
2105,11
2106,10
2107,9
2108,10
2109,11
2110,10
2111,11
2112,11
2113,11
2114,11
2115,10
2116,11
2117,10
2118,9
2119,10
2120,11
2121,11
2122,11
2123,11
2124,10
2125,10
2126,9
2127,9
2128,10
2129,9
2130,10
2131,10
2132,10
2133,9
2134,9
2135,9
2136,9
2137,9
2138,9
2139,10
2140,9
2141,11
2142,12
2143,11
2144,12
2145,13
2146,13
2147,13
2148,13
2149,12
2150,12
2151,11
2152,11
2153,11
2154,13
2155,11
2156,11
2157,11
2158,10
2159,10
2160,9
2161,11
2162,10
2163,9
2164,8
2165,8
2166,8
2167,10
2168,9
2169,10
2170,11
2171,12
2172,11
2173,12
2174,11
2175,11
2176,12
2177,12
2178,12
2179,13
2180,13
2181,14
2182,13
2183,14
2184,12
2185,13
2186,12
2187,13
2188,11
2189,12
2190,10
2191,10
2192,11
2193,10
2194,11
2195,11
2196,11
2197,11
2198,11
2199,11
2200,12
2201,12
2202,12
2203,13
2204,13
2205,12
2206,13
2207,12
2208,13
2209,12
2210,12
2211,9
2212,10
2213,12
2214,12
2215,11
2216,9
2217,12
2218,9
2219,9
2220,8
2221,7
2222,11
2223,9
2224,9
2225,10
2226,7
2227,8
2228,8
2229,8
2230,9
2231,9
2232,11
2233,10
2234,10
2235,11
2236,10
2237,10
2238,12
2239,11
2240,11
2241,13
2242,12
2243,12
2244,10
2245,10
2246,11
2247,11
2248,10
2249,11
2250,10
2251,9
2252,9
2253,9
2254,9
2255,10
2256,10
2257,10
2258,11
2259,12
2260,10
2261,10
2262,10
2263,10
2264,11
2265,12
2266,11
2267,12
2268,12
2269,12
2270,12
2271,12
2272,12
2273,12
2274,10
2275,9
2276,10
2277,9
2278,10
2279,9
2280,10
2281,10
2282,11
2283,9
2284,9
2285,11
2286,11
2287,11
2288,12
2289,10
2290,11
2291,13
2292,13
2293,13
2294,13
2295,13
2296,13
2297,13
2298,13
2299,12
2300,13
2301,11
2302,12
2303,10
2304,9
2305,10
2306,9
2307,9
2308,9
2309,9
2310,7
2311,7
2312,8
2313,9
2314,9
2315,9
2316,10
2317,10
2318,11
2319,11
2320,11
2321,11
2322,12
2323,12
2324,11
2325,12
2326,10
2327,12
2328,11
2329,13
2330,12
2331,12
2332,11
2333,11
2334,12
2335,10
2336,11
2337,11
2338,10
2339,11
2340,11
2341,12
2342,11
2343,11
2344,11
2345,12
2346,11
2347,11
2348,12
2349,12
2350,12
2351,12
2352,11
2353,12
2354,11
2355,11
2356,11
2357,12
2358,13
2359,12
2360,11
2361,10
2362,11
2363,11
2364,10
2365,11
2366,10
2367,11
2368,10
2369,10
2370,12
2371,12
2372,12
2373,13
2374,12
2375,10
2376,10
2377,10
2378,11
2379,11
2380,10
2381,10
2382,10
2383,10
2384,10
2385,9
2386,11
2387,10
2388,10
2389,10
2390,10
2391,11
2392,11
2393,13
2394,13
2395,13
2396,12
2397,12
2398,13
2399,12
2400,13
2401,12
2402,13
2403,13
2404,12
2405,12
2406,12
2407,13
2408,13
2409,11
2410,14
2411,12
2412,12
2413,12
2414,13
2415,12
2416,12
2417,13
2418,14
2419,13
2420,13
2421,13
2422,13
2423,14
2424,16
2425,13
2426,12
2427,11
2428,12
2429,11
2430,10
2431,10
2432,10
2433,10
2434,10
2435,10
2436,9
2437,11
2438,10
2439,11
2440,8
2441,8
2442,9
2443,9
2444,9
2445,9
2446,11
2447,9
2448,8
2449,10
2450,10
2451,12
2452,10
2453,11
2454,11
2455,12
2456,11
2457,11
2458,10
2459,10
2460,10
2461,11
2462,10
2463,10
2464,10
2465,10
2466,10
2467,10
2468,10
2469,11
2470,11
2471,11
2472,11
2473,11
2474,11
2475,11
2476,11
2477,11
2478,12
2479,11
2480,13
2481,11
2482,12
2483,12
2484,11
2485,12
2486,12
2487,12
2488,12
2489,12
2490,12
2491,12
2492,12
2493,11
2494,11
2495,12
2496,12
2497,11
2498,13
2499,12
2500,10
2501,11
2502,11
2503,10
2504,9
2505,9
2506,11
2507,12
2508,10
2509,11
2510,12
2511,11
2512,11
2513,10
2514,10
2515,12
2516,11
2517,11
2518,11
2519,11
2520,11
2521,11
2522,12
2523,12
2524,12
2525,13
2526,13
2527,13
2528,12
2529,13
2530,10
2531,10
2532,11
2533,12
2534,11
2535,10
2536,10
2537,11
2538,9
2539,10
2540,12
2541,12
2542,11
2543,13
2544,12
2545,12
2546,13
2547,12
2548,12
2549,13
2550,11
2551,12
2552,14
2553,14
2554,14
2555,14
2556,12
2557,12
2558,13
2559,14
2560,12
2561,9
2562,10
2563,11
2564,10
2565,11
2566,12
2567,12
2568,14
2569,11
2570,11
2571,10
2572,11
2573,10
2574,11
2575,11
2576,11
2577,11
2578,12
2579,15
2580,13
2581,13
2582,12
2583,13
2584,12
2585,10
2586,9
2587,9
2588,9
2589,10
2590,11
2591,11
2592,11
2593,10
2594,10
2595,9
2596,9
2597,9
2598,10
2599,10
2600,10
2601,10
2602,11
2603,10
2604,10
2605,11
2606,10
2607,10
2608,9
2609,9
2610,11
2611,9
2612,10
2613,9
2614,10
2615,10
2616,11
2617,11
2618,10
2619,12
2620,12
2621,11
2622,11
2623,11
2624,11
2625,11
2626,12
2627,11
2628,10
2629,12
2630,12
2631,12
2632,12
2633,12
2634,12
2635,10
2636,10
2637,10
2638,9
2639,9
2640,11
2641,11
2642,11
2643,10
2644,10
2645,10
2646,10
2647,10
2648,10
2649,10
2650,9
2651,10
2652,9
2653,10
2654,10
2655,10
2656,11
2657,12
2658,11
2659,10
2660,11
2661,13
2662,11
2663,14
2664,13
2665,13
2666,14
2667,13
2668,13
2669,12
2670,14
2671,12
2672,11
2673,11
2674,11
2675,11
2676,11
2677,12
2678,13
2679,10
2680,11
2681,11
2682,10
2683,10
2684,9
2685,10
2686,11
2687,10
2688,11
2689,12
2690,12
2691,10
2692,12
2693,11
2694,13
2695,11
2696,10
2697,11
2698,12
2699,11
2700,10
2701,11
2702,11
2703,11
2704,10
2705,9
2706,9
2707,9
2708,10
2709,11
2710,8
2711,7
2712,8
2713,9
2714,9
2715,9
2716,9
2717,8
2718,9
2719,9
2720,9
2721,9
2722,10
2723,10
2724,11
2725,11
2726,11
2727,12
2728,13
2729,13
2730,12
2731,13
2732,13
2733,12
2734,11
2735,10
2736,10
2737,9
2738,12
2739,10
2740,9
2741,10
2742,12
2743,10
2744,10
2745,10
2746,10
2747,10
2748,10
2749,10
2750,8
2751,9
2752,8
2753,10
2754,10
2755,10
2756,11
2757,11
2758,10
2759,9
2760,11
2761,11
2762,10
2763,10
2764,10
2765,10
2766,9
2767,9
2768,9
2769,9
2770,10
2771,10
2772,10
2773,11
2774,10
2775,11
2776,10
2777,11
2778,11
2779,10
2780,12
2781,13
2782,14
2783,14
2784,13
2785,13
2786,13
2787,13
2788,14
2789,14
2790,15
2791,14
2792,12
2793,12
2794,14
2795,12
2796,12
2797,11
2798,13
2799,12
2800,13
2801,13
2802,14
2803,13
2804,12
2805,12
2806,13
2807,12
2808,12
2809,14
2810,14
2811,13
2812,14
2813,14
2814,13
2815,13
2816,15
2817,13
2818,13
2819,11
2820,12
2821,13
2822,11
2823,9
2824,9
2825,10
2826,10
2827,9
2828,8
2829,10
2830,10
2831,10
2832,10
2833,11
2834,13
2835,12
2836,13
2837,12
2838,12
2839,13
2840,13
2841,14
2842,14
2843,13
2844,13
2845,14
2846,13
2847,13
2848,13
2849,13
2850,11
2851,11
2852,11
2853,14
2854,13
2855,13
2856,12
2857,13
2858,13
2859,13
2860,12
2861,12
2862,12
2863,13
2864,12
2865,13
2866,12
2867,12
2868,12
2869,10
2870,11
2871,11
2872,10
2873,12
2874,12
2875,12
2876,11
2877,13
2878,13
2879,12
2880,14
2881,13
2882,12
2883,11
2884,9
2885,9
2886,9
2887,9
2888,9
2889,8
2890,8
2891,9
2892,8
2893,7
2894,8
2895,9
2896,8
2897,9
2898,9
2899,10
2900,11
2901,10
2902,9
2903,11
2904,11
2905,11
2906,11
2907,11
2908,12
2909,12
2910,12
2911,13
2912,14
2913,12
2914,13
2915,14
2916,13
2917,12
2918,13
2919,11
2920,13
2921,12
2922,13
2923,12
2924,11
2925,10
2926,11
2927,10
2928,12
2929,11
2930,11
2931,12
2932,12
2933,13
2934,14
2935,14
2936,13
2937,12
2938,14
2939,10
2940,11
2941,11
2942,11
2943,10
2944,11
2945,12
2946,13
2947,12
2948,12
2949,12
2950,11
2951,11
2952,9
2953,9
2954,12
2955,12
2956,11
2957,11
2958,11
2959,11
2960,11
2961,11
2962,11
2963,11
2964,12
2965,11
2966,11
2967,12
2968,11
2969,12
2970,12
2971,12
2972,12
2973,13
2974,15
2975,11
2976,11
2977,11
2978,11
2979,12
2980,12
2981,13
2982,11
2983,11
2984,13
2985,13
2986,11
2987,11
2988,12
2989,12
2990,12
2991,12
2992,13
2993,13
2994,14
2995,14
2996,13
2997,11
2998,13
2999,12
3000,12
3001,12
3002,12
3003,12
3004,12
3005,12
3006,10
3007,10
3008,9
3009,9
3010,10
3011,10
3012,10
3013,10
3014,10
3015,10
3016,10
3017,11
3018,11
3019,11
3020,10
3021,9
3022,11
3023,12
3024,11
3025,12
3026,12
3027,12
3028,12
3029,12
3030,12
3031,11
3032,10
3033,13
3034,10
3035,10
3036,12
3037,12
3038,11
3039,10
3040,14
3041,12
3042,13
3043,12
3044,10
3045,11
3046,10
3047,9
3048,9
3049,9
3050,10
3051,9
3052,9
3053,9
3054,10
3055,10
3056,10
3057,11
3058,12
3059,12
3060,12
3061,11
3062,11
3063,11
3064,11
3065,11
3066,11
3067,10
3068,10
3069,9
3070,10
3071,9
3072,9
3073,10
3074,10
3075,9
3076,9
3077,9
3078,10
3079,11
3080,11
3081,12
3082,11
3083,12
3084,12
3085,12
3086,11
3087,12
3088,10
3089,11
3090,11
3091,11
3092,11
3093,12
3094,9
3095,10
3096,10
3097,10
3098,10
3099,10
3100,10
3101,11
3102,12
3103,11
3104,10
3105,12
3106,12
3107,11
3108,12
3109,13
3110,13
3111,13
3112,12
3113,13
3114,12
3115,12
3116,12
3117,13
3118,13
3119,13
3120,12
3121,12
3122,13
3123,11
3124,10
3125,11
3126,10
3127,10
3128,11
3129,8
3130,8
3131,9
3132,8
3133,11
3134,10
3135,13
3136,12
3137,14
3138,14
3139,13
3140,14
3141,12
3142,11
3143,12
3144,12
3145,12
3146,12
3147,12
3148,12
3149,12
3150,12
3151,12
3152,12
3153,12
3154,10
3155,10
3156,9
3157,9
3158,10
3159,10
3160,10
3161,11
3162,13
3163,13
3164,12
3165,12
3166,13
3167,14
3168,12
3169,11
3170,12
3171,11
3172,11
3173,11
3174,12
3175,12
3176,12
3177,10
3178,9
3179,8
3180,8
3181,9
3182,8
3183,8
3184,10
3185,11
3186,11
3187,11
3188,11
3189,10
3190,11
3191,11
3192,12
3193,10
3194,11
3195,11
3196,11
3197,11
3198,12
3199,11
3200,11
3201,11
3202,12
3203,10
3204,10
3205,10
3206,9
3207,10
3208,8
3209,9
3210,8
3211,8
3212,8
3213,9
3214,10
3215,11
3216,11
3217,12
3218,12
3219,12
3220,11
3221,13
3222,12
3223,12
3224,13
3225,12
3226,13
3227,11
3228,10
3229,10
3230,10
3231,10
3232,10
3233,10
3234,9
3235,10
3236,10
3237,11
3238,10
3239,11
3240,11
3241,12
3242,11
3243,12
3244,11
3245,12
3246,13
3247,10
3248,12
3249,12
3250,12
3251,12
3252,10
3253,11
3254,12
3255,10
3256,10
3257,10
3258,9
3259,9
3260,9
3261,10
3262,10
3263,9
3264,9
3265,9
3266,9
3267,12
3268,11
3269,12
3270,13
3271,10
3272,12
3273,12
3274,12
3275,12
3276,12
3277,11
3278,11
3279,11
3280,11
3281,11
3282,12
3283,14
3284,13
3285,12
3286,11
3287,13
3288,12
3289,12
3290,13
3291,14
3292,13
3293,15
3294,15
3295,13
3296,14
3297,13
3298,13
3299,13
3300,12
3301,13
3302,11
3303,11
3304,12
3305,12
3306,13
3307,13
3308,13
3309,13
3310,12
3311,14
3312,11
3313,11
3314,13
3315,13
3316,12
3317,12
3318,14
3319,12
3320,12
3321,12
3322,14
3323,13
3324,12
3325,11
3326,10
3327,11
3328,11
3329,12
3330,11
3331,10
3332,11
3333,11
3334,11
3335,11
3336,11
3337,11
3338,11
3339,11
3340,11
3341,13
3342,13
3343,13
3344,13
3345,14
3346,14
3347,13
3348,15
3349,15
3350,14
3351,14
3352,11
3353,11
3354,11
3355,13
3356,14
3357,13
3358,13
3359,12
3360,13
3361,13
3362,11
3363,12
3364,11
3365,12
3366,10
3367,10
3368,9
3369,9
3370,10
3371,11
3372,11
3373,13
3374,13
3375,13
3376,12
3377,12
3378,12
3379,12
3380,13
3381,12
3382,12
3383,12
3384,12
3385,11
3386,11
3387,12
3388,11
3389,11
3390,10
3391,8
3392,10
3393,9
3394,10
3395,8
3396,8
3397,10
3398,10
3399,9
3400,7
3401,9
3402,11
3403,11
3404,13
3405,12
3406,12
3407,12
3408,12
3409,12
3410,12
3411,12
3412,12
3413,12
3414,12
3415,12
3416,12
3417,11
3418,8
3419,9
3420,11
3421,10
3422,8
3423,8
3424,8
3425,7
3426,8
3427,9
3428,10
3429,11
3430,12
3431,11
3432,10
3433,11
3434,11
3435,11
3436,11
3437,10
3438,10
3439,10
3440,11
3441,12
3442,12
3443,12
3444,11
3445,12
3446,11
3447,9
3448,10
3449,10
3450,10
3451,9
3452,12
3453,11
3454,10
3455,11
3456,12
3457,11
3458,11
3459,12
3460,12
3461,12
3462,11
3463,11
3464,11
3465,11
3466,11
3467,11
3468,11
3469,11
3470,11
3471,11
3472,9
3473,9
3474,11
3475,9
3476,8
3477,7
3478,8
3479,8
3480,8
3481,8
3482,9
3483,9
3484,9
3485,9
3486,10
3487,11
3488,12
3489,11
3490,11
3491,11
3492,10
3493,11
3494,11
3495,11
3496,11
3497,12
3498,13
3499,11
3500,10
3501,11
3502,11
3503,9
3504,9
3505,10
3506,9
3507,9
3508,9
3509,9
3510,9
3511,11
3512,11
3513,12
3514,12
3515,13
3516,13
3517,13
3518,14
3519,13
3520,13
3521,12
3522,13
3523,13
3524,12
3525,14
3526,13
3527,12
3528,12
3529,12
3530,13
3531,9
3532,11
3533,9
3534,11
3535,10
3536,12
3537,10
3538,13
3539,13
3540,13
3541,13
3542,14
3543,15
3544,14
3545,15
3546,13
3547,14
3548,13
3549,13
3550,13
3551,13
3552,13
3553,13
3554,14
3555,14
3556,14
3557,14
3558,12
3559,10
3560,11
3561,12
3562,12
3563,10
3564,10
3565,14
3566,14
3567,14
3568,12
3569,13
3570,13
3571,13
3572,14
3573,12
3574,13
3575,13
3576,13
3577,14
3578,14
3579,13
3580,13
3581,13
3582,13
3583,14
3584,12
3585,13
3586,11
3587,10
3588,13
3589,12
3590,13
3591,12
3592,13
3593,13
3594,11
3595,11
3596,12
3597,13
3598,12
3599,12
3600,12
3601,12
3602,12
3603,13
3604,14
3605,13
3606,12
3607,12
3608,12
3609,14
3610,13
3611,13
3612,11
3613,13
3614,13
3615,14
3616,13
3617,13
3618,13
3619,14
3620,14
3621,14
3622,15
3623,14
3624,14
3625,14
3626,14
3627,15
3628,15
3629,14
3630,15
3631,14
3632,14
3633,15
3634,13
3635,11
3636,10
3637,9
3638,10
3639,9
3640,8
3641,10
3642,9
3643,8
3644,8
3645,8
3646,8
3647,8
3648,8
3649,10
3650,10
3651,10
3652,11
3653,12
3654,12
3655,12
3656,13
3657,13
3658,12
3659,12
3660,11
3661,10
3662,11
3663,12
3664,11
3665,10
3666,9
3667,9
3668,9
3669,9
3670,10
3671,9
3672,7
3673,9
3674,9
3675,9
3676,10
3677,10
3678,10
3679,10
3680,10
3681,11
3682,11
3683,10
3684,11
3685,11
3686,11
3687,10
3688,11
3689,10
3690,10
3691,12
3692,11
3693,10
3694,10
3695,12
3696,11
3697,11
3698,11
3699,11
3700,13
3701,13
3702,15
3703,13
3704,12
3705,13
3706,11
3707,12
3708,11
3709,12
3710,12
3711,12
3712,13
3713,11
3714,12
3715,12
3716,12
3717,12
3718,12
3719,11
3720,12
3721,11
3722,11
3723,10
3724,10
3725,9
3726,8
3727,11
3728,9
3729,10
3730,9
3731,10
3732,10
3733,12
3734,12
3735,12
3736,14
3737,12
3738,14
3739,12
3740,13
3741,13
3742,13
3743,12
3744,12
3745,14
3746,12
3747,14
3748,12
3749,13
3750,12
3751,13
3752,11
3753,12
3754,11
3755,10
3756,14
3757,13
3758,10
3759,13
3760,12
3761,12
3762,12
3763,12
3764,11
3765,12
3766,11
3767,12
3768,11
3769,11
3770,11
3771,11
3772,11
3773,11
3774,11
3775,11
3776,11
3777,12
3778,12
3779,11
3780,10
3781,10
3782,11
3783,11
3784,11
3785,8
3786,10
3787,12
3788,12
3789,12
3790,12
3791,13
3792,12
3793,12
3794,12
3795,12
3796,11
3797,11
3798,11
3799,11
3800,11
3801,11
3802,11
3803,11
3804,10
3805,11
3806,13
3807,11
3808,9
3809,10
3810,12
3811,12
3812,12
3813,12
3814,10
3815,13
3816,14
3817,14
3818,14
3819,13
3820,12
3821,13
3822,13
3823,13
3824,12
3825,12
3826,13
3827,12
3828,12
3829,12
3830,11
3831,13
3832,12
3833,14
3834,13
3835,12
3836,10
3837,10
3838,13
3839,12
3840,13
3841,12
3842,14
3843,14
3844,12
3845,13
3846,14
3847,13
3848,13
3849,13
3850,12
3851,13
3852,13
3853,13
3854,12
3855,13
3856,12
3857,14
3858,13
3859,14
3860,11
3861,15
3862,16
3863,15
3864,15
3865,16
3866,14
3867,13
3868,14
3869,13
3870,14
3871,14
3872,14
3873,14
3874,13
3875,12
3876,13
3877,13
3878,13
3879,12
3880,12
3881,11
3882,10
3883,10
3884,10
3885,12
3886,12
3887,10
3888,10
3889,10
3890,12
3891,12
3892,10
3893,12
3894,12
3895,12
3896,11
3897,11
3898,12
3899,12
3900,12
3901,12
3902,14
3903,12
3904,11
3905,12
3906,12
3907,11
3908,10
3909,10
3910,11
3911,9
3912,10
3913,10
3914,10
3915,11
3916,9
3917,11
3918,12
3919,10
3920,12
3921,13
3922,12
3923,10
3924,11
3925,12
3926,11
3927,11
3928,11
3929,11
3930,12
3931,10
3932,7
3933,9
3934,9
3935,9
3936,7
3937,8
3938,10
3939,9
3940,8
3941,8
3942,7
3943,6
3944,6
3945,7
3946,6
3947,6
3948,6
3949,6
3950,8
3951,6
3952,6
3953,6
3954,8
3955,7
3956,9
3957,11
3958,10
3959,10
3960,10
3961,10
3962,11
3963,10
3964,11
3965,10
3966,11
3967,12
3968,12
3969,11
3970,14
3971,11
3972,11
3973,11
3974,11
3975,11
3976,11
3977,12
3978,11
3979,11
3980,11
3981,11
3982,11
3983,12
3984,11
3985,11
3986,11
3987,11
3988,13
3989,11
3990,12
3991,13
3992,11
3993,11
3994,10
3995,10
3996,11
3997,11
3998,10
3999,8
4000,10
4001,9
4002,9
4003,9
4004,8
4005,10
4006,10
4007,11
4008,10
4009,9
4010,9
4011,8
4012,9
4013,10
4014,10
4015,10
4016,8
4017,9
4018,9
4019,9
4020,9
4021,10
4022,10
4023,9
4024,10
4025,9
4026,10
4027,11
4028,11
4029,10
4030,10
4031,10
4032,10
4033,11
4034,11
4035,12
4036,11
4037,12
4038,11
4039,11
4040,11
4041,12
4042,12
4043,13
4044,11
4045,10
4046,11
4047,11
4048,11
4049,12
4050,11
4051,14
4052,12
4053,15
4054,14
4055,13
4056,13
4057,13
4058,13
4059,14
4060,14
4061,13
4062,13
4063,12
4064,13
4065,13
4066,12
4067,11
4068,12
4069,10
4070,12
4071,13
4072,14
4073,15
4074,15
4075,15
4076,14
4077,15
4078,15
4079,13
4080,14
4081,14
4082,14
4083,13
4084,15
4085,14
4086,14
4087,13
4088,14
4089,14
4090,13
4091,12
4092,12
4093,12
4094,14
4095,14
4096,14
4097,13
4098,14
4099,15
4100,14
4101,15
4102,14
4103,15
4104,14
4105,14
4106,15
4107,17
4108,17
4109,17
4110,16
4111,15
4112,14
4113,14
4114,11
4115,11
4116,12
4117,11
4118,13
4119,13
4120,12
4121,12
4122,14
4123,13
4124,12
4125,11
4126,10
4127,12
4128,12
4129,12
4130,12
4131,12
4132,12
4133,13
4134,11
4135,13
4136,11
4137,12
4138,11
4139,11
4140,11
4141,11
4142,12
4143,11
4144,10
4145,10
4146,11
4147,10
4148,10
4149,10
4150,11
4151,11
4152,10
4153,10
4154,10
4155,11
4156,10
4157,11
4158,10
4159,12
4160,13
4161,13
4162,13
4163,14
4164,14
4165,14
4166,13
4167,13
4168,13
4169,12
4170,11
4171,11
4172,10
4173,10
4174,11
4175,11
4176,11
4177,12
4178,11
4179,11
4180,10
4181,10
4182,10
4183,12
4184,13
4185,13
4186,13
4187,12
4188,12
4189,13
4190,13
4191,11
4192,10
4193,11
4194,12
4195,10
4196,11
4197,11
4198,9
4199,11
4200,9
4201,10
4202,8
4203,8
4204,8
4205,9
4206,9
4207,8
4208,9
4209,11
4210,12
4211,12
4212,12
4213,12
4214,12
4215,13
4216,12
4217,13
4218,13
4219,12
4220,13
4221,12
4222,14
4223,12
4224,13
4225,12
4226,11
4227,12
4228,13
4229,10
4230,12
4231,10
4232,11
4233,11
4234,9
4235,10
4236,10
4237,11
4238,10
4239,12
4240,12
4241,13
4242,13
4243,11
4244,13
4245,13
4246,13
4247,13
4248,13
4249,13
4250,13
4251,13
4252,11
4253,13
4254,11
4255,12
4256,12
4257,12
4258,12
4259,10
4260,12
4261,11
4262,12
4263,13
4264,14
4265,14
4266,13
4267,14
4268,13
4269,13
4270,12
4271,12
4272,12
4273,12
4274,13
4275,13
4276,13
4277,13
4278,14
4279,13
4280,14
4281,13
4282,13
4283,13
4284,14
4285,13
4286,14
4287,12
4288,13
4289,13
4290,14
4291,13
4292,15
4293,14
4294,13
4295,14
4296,11
4297,11
4298,13
4299,14
4300,14
4301,14
4302,14
4303,15
4304,14
4305,14
4306,13
4307,13
4308,11
4309,10
4310,10
4311,10
4312,10
4313,11
4314,11
4315,11
4316,9
4317,13
4318,11
4319,13
4320,14
4321,12
4322,14
4323,14
4324,14
4325,13
4326,14
4327,13
4328,13
4329,12
4330,12
4331,12
4332,12
4333,13
4334,13
4335,13
4336,12
4337,11
4338,12
4339,10
4340,12
4341,9
4342,11
4343,10
4344,12
4345,14
4346,11
4347,12
4348,13
4349,13
4350,13
4351,11
4352,11
4353,12
4354,12
4355,12
4356,11
4357,11
4358,11
4359,11
4360,11
4361,13
4362,12
4363,11
4364,11
4365,10
4366,10
4367,10
4368,11
4369,12
4370,10
4371,11
4372,13
4373,13
4374,12
4375,11
4376,12
4377,12
4378,12
4379,12
4380,13
4381,14
4382,12
4383,12
4384,12
4385,11
4386,12
4387,13
4388,12
4389,11
4390,11
4391,10
4392,11
4393,12
4394,13
4395,12
4396,12
4397,12
4398,13
4399,12
4400,13
4401,12
4402,13
4403,13
4404,12
4405,12
4406,12
4407,12
4408,12
4409,12
4410,12
4411,14
4412,14
4413,12
4414,11
4415,9
4416,11
4417,12
4418,13
4419,10
4420,13
4421,10
4422,10
4423,11
4424,10
4425,11
4426,12
4427,12
4428,11
4429,12
4430,12
4431,12
4432,11
4433,11
4434,12
4435,11
4436,12
4437,11
4438,12
4439,11
4440,11
4441,14
4442,12
4443,13
4444,13
4445,13
4446,15
4447,14
4448,14
4449,14
4450,14
4451,14
4452,14
4453,14
4454,15
4455,14
4456,13
4457,14
4458,15
4459,15
4460,14
4461,13
4462,15
4463,13
4464,14
4465,12
4466,14
4467,13
4468,13
4469,13
4470,12
4471,15
4472,10
4473,11
4474,14
4475,12
4476,14
4477,14
4478,11
4479,12
4480,11
4481,11
4482,12
4483,12
4484,11
4485,12
4486,11
4487,13
4488,10
4489,11
4490,12
4491,10
4492,11
4493,11
4494,11
4495,13
4496,12
4497,13
4498,12
4499,11
4500,11
4501,10
4502,11
4503,11
4504,10
4505,10
4506,10
4507,11
4508,11
4509,10
4510,12
4511,12
4512,14
4513,14
4514,15
4515,13
4516,11
4517,12
4518,13
4519,11
4520,11
4521,11
4522,11
4523,11
4524,11
4525,11
4526,11
4527,10
4528,10
4529,9
4530,11
4531,10
4532,11
4533,12
4534,12
4535,12
4536,12
4537,11
4538,12
4539,14
4540,13
4541,14
4542,13
4543,13
4544,14
4545,13
4546,13
4547,13
4548,12
4549,11
4550,10
4551,12
4552,13
4553,13
4554,11
4555,12
4556,11
4557,11
4558,11
4559,12
4560,12
4561,13
4562,12
4563,12
4564,12
4565,11
4566,13
4567,13
4568,12
4569,13
4570,12
4571,14
4572,12
4573,14
4574,14
4575,13
4576,12
4577,10
4578,11
4579,10
4580,9
4581,9
4582,7
4583,10
4584,10
4585,11
4586,10
4587,12
4588,12
4589,12
4590,12
4591,12
4592,12
4593,11
4594,12
4595,11
4596,11
4597,11
4598,12
4599,14
4600,12
4601,13
4602,11
4603,11
4604,10
4605,11
4606,10
4607,9
4608,9
4609,11
4610,11
4611,8
4612,9
4613,11
4614,11
4615,11
4616,11
4617,11
4618,10
4619,10
4620,12
4621,11
4622,12
4623,12
4624,11
4625,13
4626,13
4627,11
4628,12
4629,10
4630,11
4631,11
4632,11
4633,9
4634,8
4635,9
4636,10
4637,9
4638,9
4639,10
4640,10
4641,9
4642,9
4643,10
4644,9
4645,10
4646,12
4647,12
4648,11
4649,11
4650,12
4651,12
4652,11
4653,12
4654,13
4655,13
4656,12
4657,13
4658,12
4659,10
4660,10
4661,11
4662,11
4663,12
4664,12
4665,12
4666,12
4667,12
4668,11
4669,11
4670,12
4671,12
4672,12
4673,12
4674,12
4675,13
4676,12
4677,12
4678,14
4679,14
4680,15
4681,13
4682,12
4683,12
4684,12
4685,11
4686,11
4687,11
4688,10
4689,11
4690,12
4691,11
4692,10
4693,10
4694,10
4695,10
4696,12
4697,12
4698,11
4699,11
4700,12
4701,12
4702,13
4703,13
4704,13
4705,14
4706,14
4707,14
4708,14
4709,13
4710,12
4711,12
4712,13
4713,12
4714,12
4715,12
4716,12
4717,12
4718,13
4719,13
4720,12
4721,12
4722,11
4723,13
4724,12
4725,13
4726,13
4727,13
4728,14
4729,13
4730,13
4731,11
4732,11
4733,13
4734,12
4735,12
4736,11
4737,12
4738,14
4739,13
4740,13
4741,12
4742,13
4743,10
4744,9
4745,11
4746,10
4747,10
4748,10
4749,10
4750,10
4751,11
4752,11
4753,11
4754,11
4755,11
4756,10
4757,10
4758,11
4759,11
4760,11
4761,11
4762,11
4763,10
4764,10
4765,10
4766,11
4767,9
4768,9
4769,11
4770,10
4771,10
4772,11
4773,9
4774,10
4775,10
4776,10
4777,12
4778,11
4779,12
4780,12
4781,11
4782,12
4783,12
4784,11
4785,11
4786,11
4787,11
4788,10
4789,11
4790,11
4791,10
4792,11
4793,11
4794,9
4795,9
4796,9
4797,10
4798,9
4799,10
4800,10
4801,10
4802,10
4803,11
4804,11
4805,10
4806,10
4807,11
4808,10
4809,11
4810,10
4811,10
4812,10
4813,11
4814,12
4815,13
4816,12
4817,12
4818,13
4819,14
4820,14
4821,14
4822,15
4823,12
4824,11
4825,13
4826,13
4827,13
4828,11
4829,11
4830,11
4831,11
4832,13
4833,13
4834,12
4835,11
4836,12
4837,12
4838,14
4839,14
4840,14
4841,14
4842,14
4843,15
4844,15
4845,14
4846,16
4847,14
4848,15
4849,15
4850,14
4851,14
4852,13
4853,15
4854,11
4855,11
4856,14
4857,13
4858,12
4859,12
4860,11
4861,11
4862,12
4863,12
4864,13
4865,12
4866,14
4867,14
4868,18
4869,13
4870,15
4871,16
4872,15
4873,16
4874,15
4875,12
4876,13
4877,13
4878,11
4879,12
4880,11
4881,11
4882,11
4883,13
4884,11
4885,12
4886,10
4887,11
4888,11
4889,9
4890,11
4891,11
4892,13
4893,11
4894,11
4895,12
4896,11
4897,12
4898,13
4899,11
4900,11
4901,12
4902,11
4903,12
4904,11
4905,10
4906,10
4907,10
4908,10
4909,9
4910,9
4911,11
4912,9
4913,9
4914,11
4915,10
4916,10
4917,10
4918,10
4919,10
4920,10
4921,11
4922,11
4923,11
4924,12
4925,12
4926,13
4927,12
4928,12
4929,13
4930,11
4931,11
4932,8
4933,7
4934,8
4935,9
4936,9
4937,10
4938,11
4939,9
4940,11
4941,10
4942,11
4943,11
4944,12
4945,12
4946,12
4947,13
4948,14
4949,13
4950,13
4951,13
4952,12
4953,12
4954,13
4955,12
4956,11
4957,12
4958,10
4959,9
4960,9
4961,8
4962,8
4963,10
4964,10
4965,12
4966,10
4967,11
4968,12
4969,12
4970,12
4971,12
4972,12
4973,12
4974,12
4975,11
4976,12
4977,11
4978,11
4979,12
4980,11
4981,12
4982,10
4983,9
4984,9
4985,9
4986,9
4987,10
4988,10
4989,9
4990,9
4991,9
4992,9
4993,10
4994,10
4995,11
4996,10
4997,10
4998,10
4999,11
5000,10
5001,10
5002,12
5003,12
5004,12
5005,12
5006,12
5007,12
5008,12
5009,12
5010,10
5011,9
5012,9
5013,10
5014,8
5015,12
5016,7
5017,8
5018,7
5019,9
5020,8
5021,8
5022,8
5023,8
5024,9
5025,7
5026,8
5027,9
5028,8
5029,11
5030,10
5031,9
5032,10
5033,9
5034,9
5035,9
5036,8
5037,7
5038,8
5039,9
5040,8
5041,8
5042,8
5043,8
5044,8
5045,8
5046,7
5047,8
5048,7
5049,8
5050,9
5051,9
5052,9
5053,8
5054,9
5055,11
5056,10
5057,11
5058,10
5059,13
5060,13
5061,12
5062,11
5063,12
5064,12
5065,12
5066,12
5067,12
5068,10
5069,10
5070,10
5071,13
5072,14
5073,11
5074,12
5075,11
5076,11
5077,13
5078,13
5079,14
5080,13
5081,13
5082,12
5083,13
5084,13
5085,13
5086,13
5087,12
5088,13
5089,14
5090,12
5091,12
5092,13
5093,12
5094,12
5095,11
5096,12
5097,10
5098,10
5099,10
5100,9
5101,10
5102,10
5103,9
5104,10
5105,10
5106,11
5107,11
5108,11
5109,10
5110,11
5111,11
5112,11
5113,11
5114,11
5115,14
5116,14
5117,13
5118,13
5119,11
5120,12
5121,12
5122,14
5123,12
5124,12
5125,12
5126,12
5127,12
5128,12
5129,12
5130,13
5131,10
5132,10
5133,10
5134,10
5135,10
5136,10
5137,11
5138,11
5139,10
5140,11
5141,11
5142,12
5143,12
5144,12
5145,12
5146,11
5147,12
5148,10
5149,10
5150,10
5151,12
5152,11
5153,12
5154,11
5155,10
5156,11
5157,12
5158,13
5159,11
5160,10
5161,12
5162,11
5163,11
5164,10
5165,12
5166,12
5167,12
5168,12
5169,14
5170,14
5171,15
5172,14
5173,14
5174,14
5175,13
5176,13
5177,12
5178,13
5179,11
5180,12
5181,12
5182,12
5183,11
5184,11
5185,13
5186,13
5187,12
5188,12
5189,11
5190,12
5191,11
5192,12
5193,12
5194,12
5195,13
5196,13
5197,13
5198,12
5199,12
5200,11
5201,10
5202,12
5203,11
5204,13
5205,10
5206,13
5207,12
5208,11
5209,12
5210,11
5211,12
5212,10
5213,9
5214,10
5215,10
5216,11
5217,11
5218,12
5219,12
5220,11
5221,11
5222,12
5223,12
5224,13
5225,12
5226,12
5227,12
5228,11
5229,12
5230,12
5231,12
5232,10
5233,12
5234,14
5235,12
5236,11
5237,11
5238,11
5239,14
5240,12
5241,13
5242,13
5243,13
5244,13
5245,13
5246,14
5247,14
5248,11
5249,12
5250,14
5251,12
5252,14
5253,14
5254,12
5255,12
5256,10
5257,10
5258,12
5259,9
5260,11
5261,9
5262,10
5263,9
5264,11
5265,9
5266,10
5267,10
5268,10
5269,11
5270,11
5271,10
5272,11
5273,11
5274,11
5275,11
5276,11
5277,12
5278,12
5279,13
5280,13
5281,11
5282,12
5283,13
5284,11
5285,10
5286,10
5287,10
5288,11
5289,9
5290,10
5291,11
5292,10
5293,9
5294,10
5295,10
5296,10
5297,12
5298,10
5299,11
5300,11
5301,12
5302,11
5303,11
5304,12
5305,12
5306,11
5307,12
5308,11
5309,11
5310,11
5311,9
5312,12
5313,10
5314,11
5315,12
5316,12
5317,11
5318,10
5319,9
5320,10
5321,10
5322,10
5323,10
5324,11
5325,11
5326,11
5327,11
5328,9
5329,10
5330,10
5331,9
5332,9
5333,10
5334,9
5335,10
5336,11
5337,12
5338,12
5339,13
5340,11
5341,10
5342,11
5343,13
5344,13
5345,10
5346,11
5347,10
5348,10
5349,10
5350,10
5351,13
5352,13
5353,13
5354,12
5355,13
5356,12
5357,12
5358,12
5359,14
5360,13
5361,12
5362,13
5363,12
5364,13
5365,12
5366,16
5367,13
5368,12
5369,13
5370,12
5371,10
5372,12
5373,12
5374,12
5375,12
5376,11
5377,12
5378,12
5379,11
5380,12
5381,11
5382,13
5383,13
5384,13
5385,10
5386,10
5387,12
5388,12
5389,13
5390,13
5391,13
5392,14
5393,14
5394,14
5395,12
5396,14
5397,12
5398,13
5399,10
5400,12
5401,12
5402,12
5403,10
5404,12
5405,13
5406,12
5407,14
5408,12
5409,13
5410,12
5411,15
5412,13
5413,13
5414,12
5415,14
5416,14
5417,14
5418,14
5419,14
5420,13
5421,14
5422,13
5423,12
5424,11
5425,11
5426,11
5427,9
5428,9
5429,9
5430,9
5431,11
5432,11
5433,13
5434,12
5435,13
5436,13
5437,13
5438,15
5439,14
5440,14
5441,13
5442,14
5443,13
5444,12
5445,11
5446,11
5447,12
5448,12
5449,13
5450,11
5451,11
5452,13
5453,12
5454,11
5455,10
5456,12
5457,12
5458,10
5459,9
5460,10
5461,12
5462,10
5463,11
5464,11
5465,12
5466,13
5467,12
5468,12
5469,14
5470,13
5471,13
5472,14
5473,12
5474,12
5475,12
5476,13
5477,11
5478,12
5479,13
5480,12
5481,13
5482,11
5483,11
5484,13
5485,11
5486,12
5487,12
5488,11
5489,12
5490,11
5491,11
5492,12
5493,12
5494,11
5495,13
5496,12
5497,13
5498,13
5499,15
5500,14
5501,12
5502,12
5503,12
5504,12
5505,12
5506,11
5507,11
5508,12
5509,13
5510,12
5511,12
5512,13
5513,12
5514,14
5515,12
5516,10
5517,13
5518,13
5519,12
5520,12
5521,11
5522,12
5523,11
5524,12
5525,13
5526,14
5527,13
5528,15
5529,15
5530,14
5531,13
5532,12
5533,11
5534,12
5535,12
5536,12
5537,13
5538,12
5539,12
5540,12
5541,11
5542,11
5543,12
5544,12
5545,10
5546,13
5547,11
5548,12
5549,12
5550,12
5551,15
5552,13
5553,13
5554,13
5555,13
5556,13
5557,14
5558,13
5559,12
5560,13
5561,13
5562,13
5563,11
5564,11
5565,12
5566,11
5567,12
5568,12
5569,12
5570,12
5571,12
5572,11
5573,12
5574,10
5575,9
5576,10
5577,10
5578,10
5579,9
5580,10
5581,11
5582,12
5583,11
5584,11
5585,13
5586,15
5587,14
5588,14
5589,13
5590,13
5591,13
5592,12
5593,13
5594,13
5595,11
5596,12
5597,8
5598,11
5599,7
5600,7
5601,8
5602,8
5603,7
5604,7
5605,8
5606,10
5607,9
5608,10
5609,10
5610,10
5611,10
5612,10
5613,11
5614,12
5615,13
5616,13
5617,11
5618,11
5619,12
5620,12
5621,12
5622,12
5623,12
5624,10
5625,10
5626,9
5627,9
5628,10
5629,9
5630,9
5631,8
5632,8
5633,9
5634,9
5635,9
5636,10
5637,10
5638,11
5639,12
5640,12
5641,13
5642,13
5643,13
5644,13
5645,13
5646,13
5647,13
5648,13
5649,12
5650,11
5651,10
5652,10
5653,9
5654,10
5655,10
5656,10
5657,10
5658,8
5659,7
5660,9
5661,8
5662,9
5663,10
5664,9
5665,9
5666,9
5667,9
5668,10
5669,10
5670,10
5671,11
5672,11
5673,13
5674,13
5675,13
5676,11
5677,10
5678,9
5679,11
5680,10
5681,10
5682,10
5683,10
5684,10
5685,10
5686,11
5687,11
5688,12
5689,12
5690,11
5691,12
5692,12
5693,11
5694,11
5695,13
5696,13
5697,14
5698,15
5699,14
5700,14
5701,14
5702,14
5703,14
5704,15
5705,12
5706,12
5707,11
5708,12
5709,12
5710,12
5711,14
5712,13
5713,13
5714,14
5715,15
5716,13
5717,14
5718,12
5719,13
5720,14
5721,14
5722,15
5723,12
5724,13
5725,15
5726,13
5727,14
5728,15
5729,13
5730,13
5731,12
5732,13
5733,12
5734,13
5735,14
5736,14
5737,12
5738,12
5739,13
5740,12
5741,12
5742,12
5743,12
5744,11
5745,11
5746,10
5747,12
5748,13
5749,14
5750,16
5751,15
5752,15
5753,16
5754,16
5755,14
5756,15
5757,14
5758,13
5759,14
5760,14
5761,14
5762,13
5763,14
5764,13
5765,14
5766,12
5767,13
5768,13
5769,12
5770,13
5771,14
5772,14
5773,14
5774,14
5775,14
5776,13
5777,13
5778,13
5779,14
5780,15
5781,14
5782,14
5783,14
5784,14
5785,13
5786,12
5787,11
5788,13
5789,13
5790,15
5791,13
5792,14
5793,13
5794,11
5795,11
5796,10
5797,10
5798,12
5799,11
5800,14
5801,13
5802,12
5803,11
5804,11
5805,10
5806,11
5807,12
5808,10
5809,10
5810,12
5811,11
5812,12
5813,12
5814,11
5815,13
5816,15
5817,14
5818,13
5819,10
5820,11
5821,10
5822,10
5823,9
5824,10
5825,12
5826,10
5827,10
5828,10
5829,13
5830,11
5831,9
5832,11
5833,13
5834,13
5835,14
5836,14
5837,14
5838,15
5839,14
5840,13
5841,14
5842,14
5843,13
5844,12
5845,13
5846,11
5847,11
5848,10
5849,10
5850,10
5851,10
5852,11
5853,11
5854,12
5855,13
5856,13
5857,14
5858,12
5859,12
5860,14
5861,13
5862,15
5863,14
5864,13
5865,12
5866,13
5867,14
5868,14
5869,14
5870,11
5871,11
5872,10
5873,11
5874,11
5875,11
5876,11
5877,10
5878,10
5879,10
5880,9
5881,12
5882,14
5883,12
5884,11
5885,11
5886,13
5887,13
5888,13
5889,12
5890,12
5891,13
5892,12
5893,12
5894,13
5895,13
5896,13
5897,13
5898,13
5899,12
5900,11
5901,12
5902,14
5903,13
5904,13
5905,13
5906,13
5907,14
5908,14
5909,14
5910,15
5911,16
5912,15
5913,14
5914,15
5915,14
5916,14
5917,14
5918,16
5919,14
5920,11
5921,11
5922,10
5923,11
5924,11
5925,11
5926,11
5927,12
5928,13
5929,14
5930,12
5931,11
5932,11
5933,10
5934,11
5935,10
5936,9
5937,9
5938,10
5939,10
5940,10
5941,10
5942,11
5943,10
5944,10
5945,10
5946,10
5947,12
5948,13
5949,12
5950,11
5951,13
5952,13
5953,12
5954,11
5955,11
5956,12
5957,13
5958,12
5959,12
5960,12
5961,12
5962,14
5963,11
5964,13
5965,11
5966,11
5967,10
5968,12
5969,11
5970,13
5971,13
5972,13
5973,12
5974,12
5975,11
5976,11
5977,11
5978,11
5979,16
5980,13
5981,14
5982,14
5983,16
5984,12
5985,10
5986,11
5987,11
5988,11
5989,13
5990,12
5991,14
5992,12
5993,14
5994,13
5995,12
5996,13
5997,13
5998,13
5999,11
6000,11
6001,11
6002,14
6003,13
6004,13
6005,13
6006,14
6007,15
6008,14
6009,15
6010,16
6011,16
6012,15
6013,13
6014,14
6015,15
6016,15
6017,14
6018,14
6019,13
6020,14
6021,14
6022,15
6023,12
6024,12
6025,13
6026,11
6027,13
6028,10
6029,13
6030,12
6031,12
6032,14
6033,13
6034,14
6035,14
6036,13
6037,14
6038,13
6039,13
6040,14
6041,14
6042,13
6043,13
6044,12
6045,11
6046,12
6047,12
6048,13
6049,11
6050,13
6051,10
6052,11
6053,10
6054,11
6055,10
6056,12
6057,14
6058,14
6059,14
6060,14
6061,13
6062,14
6063,14
6064,14
6065,14
6066,14
6067,13
6068,13
6069,14
6070,14
6071,14
6072,14
6073,14
6074,14
6075,14
6076,15
6077,12
6078,11
6079,10
6080,11
6081,12
6082,12
6083,12
6084,12
6085,10
6086,12
6087,14
6088,14
6089,14
6090,13
6091,14
6092,13
6093,12
6094,14
6095,11
6096,11
6097,12
6098,12
6099,12
6100,10
6101,11
6102,10
6103,9
6104,8
6105,10
6106,8
6107,8
6108,7
6109,10
6110,10
6111,11
6112,9
6113,12
6114,12
6115,12
6116,12
6117,13
6118,12
6119,11
6120,12
6121,13
6122,12
6123,13
6124,11
6125,11
6126,12
6127,11
6128,10
6129,10
6130,12
6131,11
6132,11
6133,9
6134,9
6135,9
6136,9
6137,9
6138,10
6139,11
6140,11
6141,11
6142,11
6143,11
6144,12
6145,13
6146,14
6147,13
6148,13
6149,13
6150,14
6151,13
6152,13
6153,12
6154,12
6155,12
6156,13
6157,11
6158,11
6159,11
6160,11
6161,10
6162,11
6163,10
6164,11
6165,11
6166,12
6167,13
6168,11
6169,12
6170,12
6171,11
6172,11
6173,11
6174,11
6175,10
6176,10
6177,11
6178,12
6179,11
6180,13
6181,13
6182,13
6183,14
6184,13
6185,12
6186,12
6187,11
6188,13
6189,11
6190,12
6191,11
6192,11
6193,12
6194,12
6195,12
6196,11
6197,11
6198,11
6199,11
6200,11
6201,11
6202,10
6203,12
6204,11
6205,10
6206,12
6207,11
6208,11
6209,11
6210,11
6211,11
6212,11
6213,11
6214,11
6215,11
6216,11
6217,10
6218,12
6219,10
6220,9
6221,13
6222,12
6223,12
6224,12
6225,12
6226,13
6227,12
6228,11
6229,11
6230,12
6231,12
6232,12
6233,11
6234,12
6235,12
6236,12
6237,13
6238,13
6239,13
6240,12
6241,12
6242,12
6243,12
6244,13
6245,12
6246,13
6247,13
6248,15
6249,13
6250,14
6251,13
6252,14
6253,14
6254,14
6255,13
6256,10
6257,12
6258,12
6259,11
6260,10
6261,10
6262,13
6263,13
6264,12
6265,12
6266,12
6267,13
6268,12
6269,13
6270,12
6271,12
6272,12
6273,14
6274,13
6275,14
6276,13
6277,12
6278,12
6279,12
6280,11
6281,11
6282,9
6283,11
6284,11
6285,10
6286,9
6287,12
6288,11
6289,11
6290,13
6291,13
6292,13
6293,11
6294,12
6295,11
6296,11
6297,12
6298,13
6299,14
6300,15
6301,14
6302,12
6303,14
6304,13
6305,14
6306,14
6307,12
6308,12
6309,13
6310,12
6311,12
6312,13
6313,10
6314,11
6315,9
6316,10
6317,12
6318,11
6319,11
6320,11
6321,12
6322,12
6323,12
6324,12
6325,14
6326,12
6327,13
6328,12
6329,12
6330,13
6331,14
6332,13
6333,13
6334,13
6335,13
6336,13
6337,10
6338,10
6339,11
6340,11
6341,11
6342,11
6343,11
6344,11
6345,11
6346,11
6347,13
6348,11
6349,12
6350,12
6351,11
6352,12
6353,12
6354,11
6355,13
6356,10
6357,11
6358,12
6359,12
6360,13
6361,13
6362,13
6363,12
6364,12
6365,11
6366,11
6367,12
6368,12
6369,11
6370,11
6371,13
6372,11
6373,12
6374,14
6375,13
6376,12
6377,13
6378,13
6379,14
6380,12
6381,12
6382,12
6383,12
6384,12
6385,12
6386,13
6387,14
6388,12
6389,12
6390,11
6391,13
6392,12
6393,12
6394,12
6395,12
6396,12
6397,13
6398,13
6399,13
6400,13
6401,12
6402,13
6403,14
6404,13
6405,14
6406,13
6407,13
6408,13
6409,12
6410,14
6411,13
6412,12
6413,12
6414,12
6415,13
6416,14
6417,13
6418,11
6419,12
6420,9
6421,9
6422,9
6423,11
6424,10
6425,10
6426,11
6427,11
6428,11
6429,12
6430,13
6431,12
6432,12
6433,12
6434,12
6435,13
6436,13
6437,13
6438,13
6439,13
6440,14
6441,12
6442,12
6443,11
6444,10
6445,11
6446,11
6447,10
6448,9
6449,8
6450,9
6451,11
6452,10
6453,10
6454,10
6455,11
6456,12
6457,11
6458,11
6459,12
6460,13
6461,13
6462,14
6463,13
6464,14
6465,14
6466,13
6467,14
6468,13
6469,14
6470,10
6471,14
6472,13
6473,12
6474,10
6475,13
6476,11
6477,10
6478,9
6479,10
6480,10
6481,11
6482,11
6483,8
6484,10
6485,12
6486,11
6487,13
6488,12
6489,11
6490,12
6491,12
6492,13
6493,12
6494,12
6495,13
6496,13
6497,13
6498,13
6499,13
6500,11
6501,9
6502,11
6503,11
6504,11
6505,15
6506,13
6507,12
6508,13
6509,12
6510,12
6511,11
6512,12
6513,15
6514,12
6515,12
6516,13
6517,14
6518,15
6519,13
6520,14
6521,10
6522,14
6523,13
6524,13
6525,14
6526,12
6527,12
6528,11
6529,12
6530,10
6531,11
6532,11
6533,11
6534,10
6535,12
6536,11
6537,12
6538,12
6539,11
6540,10
6541,13
6542,14
6543,14
6544,13
6545,13
6546,12
6547,12
6548,12
6549,14
6550,12
6551,12
6552,12
6553,12
6554,11
6555,10
6556,10
6557,10
6558,11
6559,9
6560,10
6561,13
6562,13
6563,10
6564,11
6565,14
6566,15
6567,14
6568,13
6569,12
6570,14
6571,14
6572,13
6573,14
6574,12
6575,12
6576,12
6577,12
6578,12
6579,12
6580,12
6581,13
6582,11
6583,11
6584,10
6585,12
6586,12
6587,12
6588,12
6589,13
6590,13
6591,12
6592,12
6593,13
6594,13
6595,13
6596,14
6597,15
6598,14
6599,13
6600,14
6601,14
6602,14
6603,12
6604,13
6605,12
6606,12
6607,12
6608,12
6609,12
6610,10
6611,9
6612,9
6613,11
6614,10
6615,10
6616,10
6617,10
6618,11
6619,11
6620,8
6621,9
6622,10
6623,9
6624,10
6625,9
6626,9
6627,9
6628,9
6629,11
6630,9
6631,10
6632,11
6633,12
6634,13
6635,12
6636,12
6637,11
6638,11
6639,11
6640,10
6641,12
6642,10
6643,9
6644,9
6645,11
6646,11
6647,11
6648,10
6649,8
6650,10
6651,10
6652,9
6653,11
6654,11
6655,11
6656,11
6657,11
6658,11
6659,11
6660,11
6661,12
6662,12
6663,12
6664,12
6665,12
6666,12
6667,10
6668,11
6669,12
6670,9
6671,11
6672,9
6673,10
6674,10
6675,11
6676,11
6677,12
6678,11
6679,12
6680,12
6681,13
6682,12
6683,13
6684,13
6685,13
6686,13
6687,12
6688,14
6689,12
6690,12
6691,12
6692,11
6693,12
6694,11
6695,10
6696,10
6697,13
6698,11
6699,11
6700,10
6701,11
6702,10
6703,11
6704,9
6705,9
6706,12
6707,14
6708,11
6709,13
6710,14
6711,11
6712,12
6713,12
6714,12
6715,12
6716,12
6717,11
6718,13
6719,12
6720,12
6721,12
6722,11
6723,10
6724,11
6725,11
6726,10
6727,10
6728,10
6729,13
6730,12
6731,12
6732,12
6733,13
6734,13
6735,12
6736,12
6737,13
6738,10
6739,10
6740,12
6741,13
6742,13
6743,15
6744,12
6745,11
6746,11
6747,13
6748,11
6749,11
6750,11
6751,11
6752,12
6753,13
6754,11
6755,10
6756,11
6757,10
6758,10
6759,11
6760,10
6761,12
6762,11
6763,12
6764,10
6765,10
6766,11
6767,11
6768,11
6769,14
6770,13
6771,12
6772,12
6773,10
6774,11
6775,12
6776,11
6777,11
6778,10
6779,11
6780,12
6781,11
6782,11
6783,10
6784,11
6785,13
6786,11
6787,11
6788,12
6789,13
6790,13
6791,12
6792,12
6793,13
6794,13
6795,14
6796,14
6797,13
6798,14
6799,14
6800,12
6801,11
6802,12
6803,12
6804,11
6805,11
6806,11
6807,10
6808,13
6809,11
6810,11
6811,10
6812,11
6813,10
6814,10
6815,9
6816,10
6817,11
6818,11
6819,10
6820,10
6821,10
6822,9
6823,9
6824,8
6825,9
6826,10
6827,10
6828,9
6829,9
6830,8
6831,8
6832,8
6833,10
6834,11
6835,11
6836,11
6837,12
6838,12
6839,11
6840,13
6841,12
6842,12
6843,11
6844,11
6845,12
6846,12
6847,11
6848,13
6849,12
6850,13
6851,12
6852,12
6853,14
6854,14
6855,13
6856,13
6857,13
6858,10
6859,11
6860,11
6861,11
6862,11
6863,12
6864,12
6865,13
6866,13
6867,13
6868,12
6869,11
6870,14
6871,13
6872,13
6873,13
6874,12
6875,14
6876,15
6877,14
6878,16
6879,13
6880,13
6881,12
6882,11
6883,10
6884,11
6885,10
6886,12
6887,9
6888,10
6889,10
6890,9
6891,10
6892,9
6893,12
6894,12
6895,13
6896,11
6897,11
6898,9
6899,12
6900,13
6901,14
6902,14
6903,14
6904,14
6905,13
6906,14
6907,13
6908,13
6909,12
6910,14
6911,13
6912,13
6913,11
6914,11
6915,11
6916,12
6917,11
6918,10
6919,11
6920,11
6921,11
6922,12
6923,11
6924,12
6925,13
6926,12
6927,14
6928,14
6929,14
6930,15
6931,15
6932,15
6933,16
6934,16
6935,15
6936,14
6937,14
6938,13
6939,13
6940,13
6941,12
6942,11
6943,10
6944,8
6945,9
6946,9
6947,9
6948,10
6949,9
6950,10
6951,10
6952,14
6953,11
6954,10
6955,12
6956,11
6957,11
6958,10
6959,11
6960,10
6961,10
6962,11
6963,12
6964,11
6965,10
6966,10
6967,11
6968,12
6969,10
6970,8
6971,9
6972,8
6973,7
6974,7
6975,9
6976,7
6977,7
6978,7
6979,11
6980,8
6981,10
6982,10
6983,10
6984,10
6985,10
6986,10
6987,11
6988,11
6989,13
6990,12
6991,12
6992,11
6993,10
6994,12
6995,14
6996,12
6997,13
6998,12
6999,12
7000,14
7001,14
7002,14
7003,13
7004,13
7005,13
7006,13
7007,12
7008,12
7009,11
7010,11
7011,10
7012,10
7013,11
7014,10
7015,10
7016,9
7017,9
7018,11
7019,9
7020,9
7021,9
7022,9
7023,9
7024,8
7025,8
7026,8
7027,10
7028,10
7029,10
7030,11
7031,10
7032,10
7033,11
7034,10
7035,10
7036,12
7037,11
7038,12
7039,13
7040,11
7041,14
7042,14
7043,12
7044,13
7045,12
7046,12
7047,12
7048,13
7049,11
7050,12
7051,12
7052,12
7053,13
7054,13
7055,14
7056,16
7057,14
7058,15
7059,15
7060,15
7061,14
7062,14
7063,15
7064,15
7065,14
7066,13
7067,13
7068,13
7069,12
7070,10
7071,11
7072,11
7073,10
7074,10
7075,11
7076,11
7077,11
7078,10
7079,9
7080,9
7081,11
7082,12
7083,11
7084,12
7085,11
7086,12
7087,12
7088,12
7089,12
7090,10
7091,10
7092,11
7093,12
7094,12
7095,12
7096,11
7097,10
7098,13
7099,13
7100,13
7101,12
7102,12
7103,11
7104,11
7105,12
7106,14
7107,13
7108,12
7109,13
7110,13
7111,13
7112,14
7113,15
7114,13
7115,13
7116,13
7117,13
7118,15
7119,14
7120,14
7121,13
7122,13
7123,15
7124,14
7125,15
7126,13
7127,13
7128,13
7129,13
7130,14
7131,13
7132,13
7133,14
7134,14
7135,15
7136,15
7137,14
7138,14
7139,15
7140,16
7141,14
7142,14
7143,14
7144,15
7145,16
7146,16
7147,15
7148,12
7149,13
7150,13
7151,11
7152,12
7153,10
7154,12
7155,11
7156,10
7157,10
7158,11
7159,13
7160,13
7161,14
7162,14
7163,13
7164,13
7165,12
7166,13
7167,13
7168,12
7169,11
7170,12
7171,12
7172,11
7173,12
7174,11
7175,13
7176,11
7177,11
7178,12
7179,11
7180,11
7181,13
7182,12
7183,12
7184,12
7185,12
7186,13
7187,11
7188,12
7189,12
7190,13
7191,11
7192,13
7193,12
7194,12
7195,12
7196,12
7197,11
7198,13
7199,13
7200,12
7201,12
7202,12
7203,12
7204,13
7205,14
7206,12
7207,12
7208,12
7209,11
7210,10
7211,9
7212,9
7213,10
7214,10
7215,11
7216,12
7217,11
7218,12
7219,11
7220,12
7221,11
7222,12
7223,12
7224,12
7225,11
7226,11
7227,12
7228,11
7229,10
7230,11
7231,10
7232,10
7233,8
7234,7
7235,7
7236,9
7237,9
7238,7
7239,7
7240,8
7241,9
7242,11
7243,11
7244,12
7245,12
7246,12
7247,12
7248,12
7249,13
7250,12
7251,12
7252,12
7253,12
7254,13
7255,14
7256,13
7257,12
7258,12
7259,12
7260,12
7261,11
7262,11
7263,10
7264,9
7265,11
7266,10
7267,10
7268,12
7269,13
7270,13
7271,13
7272,13
7273,11
7274,12
7275,14
7276,14
7277,14
7278,13
7279,12
7280,12
7281,12
7282,12
7283,12
7284,13
7285,12
7286,13
7287,10
7288,10
7289,11
7290,10
7291,9
7292,10
7293,10
7294,11
7295,12
7296,13
7297,11
7298,13
7299,13
7300,10
7301,10
7302,10
7303,11
7304,12
7305,11
7306,10
7307,9
7308,9
7309,10
7310,11
7311,10
7312,10
7313,8
7314,10
7315,8
7316,9
7317,9
7318,9
7319,9
7320,9
7321,9
7322,10
7323,9
7324,10
7325,11
7326,12
7327,12
7328,10
7329,10
7330,11
7331,11
7332,13
7333,12
7334,11
7335,11
7336,12
7337,12
7338,14
7339,13
7340,11
7341,11
7342,10
7343,12
7344,12
7345,12
7346,10
7347,11
7348,12
7349,12
7350,12
7351,12
7352,12
7353,12
7354,13
7355,13
7356,12
7357,13
7358,15
7359,13
7360,12
7361,12
7362,12
7363,13
7364,13
7365,11
7366,13
7367,12
7368,14
7369,12
7370,12
7371,11
7372,11
7373,12
7374,13
7375,12
7376,12
7377,13
7378,12
7379,13
7380,12
7381,14
7382,14
7383,15
7384,13
7385,13
7386,13
7387,12
7388,11
7389,12
7390,13
7391,13
7392,12
7393,15
7394,12
7395,12
7396,12
7397,11
7398,11
7399,11
7400,11
7401,11
7402,11
7403,10
7404,9
7405,9
7406,10
7407,8
7408,9
7409,8
7410,9
7411,10
7412,8
7413,8
7414,9
7415,9
7416,8
7417,8
7418,8
7419,7
7420,7
7421,8
7422,8
7423,7
7424,8
7425,8
7426,9
7427,8
7428,8
7429,10
7430,11
7431,11
7432,12
7433,12
7434,12
7435,12
7436,12
7437,12
7438,11
7439,12
7440,14
7441,12
7442,13
7443,11
7444,12
7445,11
7446,12
7447,11
7448,11
7449,12
7450,11
7451,10
7452,11
7453,11
7454,12
7455,12
7456,12
7457,12
7458,15
7459,14
7460,14
7461,14
7462,14
7463,14
7464,13
7465,13
7466,14
7467,13
7468,13
7469,12
7470,13
7471,13
7472,12
7473,13
7474,14
7475,13
7476,13
7477,14
7478,12
7479,13
7480,14
7481,13
7482,15
7483,12
7484,15
7485,13
7486,12
7487,15
7488,15
7489,15
7490,16
7491,17
7492,14
7493,16
7494,17
7495,16
7496,16
7497,18
7498,17
7499,16
7500,16
7501,12
7502,11
7503,12
7504,13
7505,12
7506,11
7507,11
7508,11
7509,11
7510,11
7511,12
7512,13
7513,11
7514,12
7515,12
7516,12
7517,12
7518,12
7519,13
7520,14
7521,13
7522,11
7523,13
7524,11
7525,12
7526,12
7527,11
7528,10
7529,10
7530,9
7531,8
7532,9
7533,8
7534,8
7535,9
7536,8
7537,12
7538,11
7539,9
7540,10
7541,11
7542,10
7543,9
7544,8
7545,11
7546,9
7547,10
7548,10
7549,11
7550,11
7551,11
7552,11
7553,10
7554,11
7555,12
7556,10
7557,11
7558,13
7559,11
7560,10
7561,11
7562,12
7563,10
7564,12
7565,11
7566,12
7567,12
7568,10
7569,10
7570,9
7571,11
7572,11
7573,11
7574,12
7575,10
7576,10
7577,8
7578,10
7579,10
7580,10
7581,11
7582,10
7583,12
7584,11
7585,13
7586,12
7587,12
7588,11
7589,12
7590,12
7591,12
7592,13
7593,14
7594,11
7595,11
7596,12
7597,12
7598,12
7599,12
7600,12
7601,12
7602,11
7603,11
7604,11
7605,11
7606,12
7607,10
7608,11
7609,11
7610,10
7611,12
7612,11
7613,11
7614,11
7615,11
7616,12
7617,8
7618,13
7619,12
7620,12
7621,13
7622,13
7623,13
7624,12
7625,15
7626,14
7627,12
7628,12
7629,11
7630,11
7631,11
7632,11
7633,11
7634,13
7635,11
7636,12
7637,11
7638,10
7639,14
7640,12
7641,12
7642,12
7643,11
7644,12
7645,11
7646,11
7647,12
7648,10
7649,11
7650,11
7651,12
7652,12
7653,12
7654,11
7655,12
7656,13
7657,11
7658,11
7659,11
7660,10
7661,11
7662,11
7663,10
7664,11
7665,10
7666,11
7667,11
7668,11
7669,12
7670,12
7671,12
7672,12
7673,13
7674,12
7675,13
7676,11
7677,12
7678,12
7679,12
7680,11
7681,12
7682,11
7683,13
7684,11
7685,12
7686,10
7687,12
7688,11
7689,13
7690,12
7691,13
7692,13
7693,13
7694,13
7695,12
7696,13
7697,13
7698,13
7699,13
7700,13
7701,12
7702,12
7703,12
7704,13
7705,13
7706,12
7707,13
7708,13
7709,12
7710,13
7711,13
7712,13
7713,13
7714,13
7715,14
7716,12
7717,12
7718,13
7719,13
7720,13
7721,13
7722,12
7723,11
7724,10
7725,11
7726,11
7727,9
7728,9
7729,10
7730,10
7731,10
7732,10
7733,10
7734,10
7735,10
7736,11
7737,12
7738,12
7739,12
7740,12
7741,12
7742,10
7743,11
7744,10
7745,10
7746,10
7747,10
7748,9
7749,8
7750,9
7751,9
7752,9
7753,12
7754,11
7755,10
7756,9
7757,11
7758,11
7759,10
7760,11
7761,10
7762,10
7763,10
7764,10
7765,10
7766,11
7767,11
7768,10
7769,10
7770,9
7771,10
7772,9
7773,11
7774,11
7775,11
7776,11
7777,11
7778,12
7779,12
7780,12
7781,12
7782,14
7783,13
7784,13
7785,12
7786,12
7787,12
7788,11
7789,12
7790,11
7791,11
7792,12
7793,11
7794,13
7795,13
7796,11
7797,9
7798,9
7799,10
7800,9
7801,10
7802,10
7803,11
7804,11
7805,13
7806,12
7807,11
7808,11
7809,11
7810,11
7811,12
7812,11
7813,11
7814,9
7815,10
7816,10
7817,12
7818,10
7819,11
7820,11
7821,11
7822,11
7823,11
7824,11
7825,11
7826,11
7827,11
7828,10
7829,10
7830,13
7831,12
7832,14
7833,13
7834,15
7835,15
7836,17
7837,14
7838,14
7839,15
7840,15
7841,14
7842,14
7843,13
7844,14
7845,14
7846,15
7847,13
7848,14
7849,14
7850,14
7851,13
7852,12
7853,12
7854,13
7855,14
7856,12
7857,14
7858,13
7859,15
7860,14
7861,14
7862,13
7863,12
7864,11
7865,12
7866,12
7867,11
7868,12
7869,13
7870,12
7871,12
7872,12
7873,12
7874,12
7875,11
7876,13
7877,12
7878,12
7879,12
7880,12
7881,11
7882,11
7883,12
7884,12
7885,13
7886,11
7887,12
7888,13
7889,13
7890,12
7891,13
7892,11
7893,10
7894,12
7895,11
7896,10
7897,11
7898,10
7899,12
7900,12
7901,11
7902,11
7903,12
7904,11
7905,11
7906,10
7907,10
7908,10
7909,10
7910,10
7911,11
7912,11
7913,12
7914,11
7915,12
7916,13
7917,11
7918,13
7919,13
7920,11
7921,10
7922,11
7923,10
7924,10
7925,12
7926,11
7927,10
7928,12
7929,11
7930,12
7931,11
7932,12
7933,12
7934,12
7935,12
7936,11
7937,12
7938,12
7939,13
7940,13
7941,12
7942,12
7943,12
7944,11
7945,12
7946,11
7947,11
7948,11
7949,11
7950,9
7951,9
7952,9
7953,9
7954,9
7955,11
7956,10
7957,12
7958,12
7959,11
7960,12
7961,12
7962,13
7963,12
7964,12
7965,13
7966,11
7967,13
7968,13
7969,13
7970,13
7971,12
7972,12
7973,12
7974,12
7975,12
7976,12
7977,11
7978,12
7979,11
7980,8
7981,11
7982,10
7983,7
7984,12
7985,12
7986,13
7987,12
7988,11
7989,14
7990,13
7991,12
7992,13
7993,13
7994,13
7995,13
7996,11
7997,14
7998,11
7999,12
8000,13
8001,14
8002,12
8003,11
8004,12
8005,12
8006,11
8007,11
8008,10
8009,12
8010,11
8011,11
8012,11
8013,11
8014,12
8015,12
8016,12
8017,13
8018,13
8019,13
8020,12
8021,12
8022,12
8023,12
8024,11
8025,10
8026,10
8027,11
8028,10
8029,12
8030,10
8031,10
8032,9
8033,8
8034,9
8035,8
8036,9
8037,9
8038,9
8039,9
8040,9
8041,10
8042,11
8043,10
8044,10
8045,12
8046,11
8047,11
8048,10
8049,12
8050,11
8051,12
8052,11
8053,12
8054,11
8055,12
8056,12
8057,12
8058,12
8059,11
8060,10
8061,11
8062,11
8063,11
8064,10
8065,10
8066,11
8067,11
8068,11
8069,12
8070,12
8071,12
8072,13
8073,12
8074,12
8075,13
8076,12
8077,11
8078,12
8079,13
8080,11
8081,13
8082,12
8083,11
8084,10
8085,10
8086,10
8087,11
8088,13
8089,11
8090,11
8091,10
8092,11
8093,11
8094,10
8095,10
8096,11
8097,12
8098,12
8099,12
8100,12
8101,12
8102,12
8103,13
8104,12
8105,12
8106,13
8107,13
8108,13
8109,15
8110,13
8111,12
8112,13
8113,13
8114,13
8115,12
8116,14
8117,14
8118,15
8119,14
8120,13
8121,14
8122,15
8123,13
8124,13
8125,13
8126,14
8127,13
8128,12
8129,11
8130,12
8131,12
8132,13
8133,13
8134,15
8135,13
8136,12
8137,13
8138,13
8139,14
8140,12
8141,12
8142,11
8143,13
8144,13
8145,12
8146,13
8147,13
8148,13
8149,11
8150,15
8151,14
8152,15
8153,14
8154,13
8155,12
8156,13
8157,11
8158,13
8159,12
8160,11
8161,12
8162,12
8163,12
8164,11
8165,12
8166,11
8167,13
8168,12
8169,10
8170,11
8171,11
8172,9
8173,11
8174,10
8175,10
8176,9
8177,12
8178,13
8179,12
8180,12
8181,11
8182,11
8183,12
8184,12
8185,13
8186,12
8187,12
8188,12
8189,13
8190,12
8191,12
8192,13
8193,13
8194,11
8195,11
8196,12
8197,13
8198,11
8199,11
8200,10
8201,11
8202,11
8203,12
8204,14
8205,13
8206,13
8207,13
8208,14
8209,14
8210,14
8211,14
8212,14
8213,14
8214,14
8215,13
8216,13
8217,13
8218,13
8219,13
8220,13
8221,12
8222,13
8223,12
8224,10
8225,11
8226,10
8227,13
8228,11
8229,11
8230,12
8231,14
8232,14
8233,13
8234,13
8235,13
8236,13
8237,13
8238,14
8239,13
8240,12
8241,12
8242,12
8243,13
8244,13
8245,12
8246,12
8247,11
8248,12
8249,11
8250,12
8251,13
8252,13
8253,13
8254,13
8255,12
8256,11
8257,13
8258,13
8259,13
8260,15
8261,15
8262,15
8263,14
8264,13
8265,13
8266,13
8267,13
8268,12
8269,12
8270,12
8271,13
8272,12
8273,12
8274,11
8275,10
8276,10
8277,9
8278,10
8279,9
8280,12
8281,12
8282,11
8283,11
8284,13
8285,13
8286,12
8287,13
8288,14
8289,14
8290,14
8291,14
8292,14
8293,15
8294,14
8295,13
8296,11
8297,13
8298,12
8299,13
8300,12
8301,11
8302,10
8303,11
8304,9
8305,11
8306,10
8307,9
8308,10
8309,10
8310,10
8311,11
8312,11
8313,13
8314,12
8315,12
8316,11
8317,11
8318,10
8319,11
8320,11
8321,11
8322,12
8323,12
8324,11
8325,11
8326,12
8327,11
8328,9
8329,10
8330,9
8331,10
8332,11
8333,12
8334,13
8335,11
8336,12
8337,12
8338,12
8339,12
8340,12
8341,12
8342,15
8343,11
8344,13
8345,11
8346,12
8347,14
8348,13
8349,12
8350,10
8351,10
8352,11
8353,10
8354,9
8355,10
8356,10
8357,11
8358,12
8359,12
8360,11
8361,11
8362,10
8363,9
8364,12
8365,12
8366,12
8367,12
8368,11
8369,11
8370,12
8371,11
8372,11
8373,13
8374,13
8375,14
8376,13
8377,14
8378,13
8379,12
8380,12
8381,12
8382,11
8383,11
8384,11
8385,11
8386,10
8387,10
8388,10
8389,11
8390,13
8391,12
8392,12
8393,13
8394,12
8395,13
8396,14
8397,12
8398,13
8399,13
8400,14
8401,13
8402,14
8403,12
8404,12
8405,11
8406,12
8407,12
8408,10
8409,11
8410,10
8411,12
8412,12
8413,12
8414,11
8415,10
8416,9
8417,13
8418,11
8419,10
8420,11
8421,11
8422,11
8423,12
8424,11
8425,13
8426,13
8427,12
8428,14
8429,13
8430,13
8431,13
8432,13
8433,12
8434,11
8435,11
8436,11
8437,12
8438,12
8439,12
8440,12
8441,11
8442,12
8443,11
8444,13
8445,12
8446,13
8447,12
8448,12
8449,12
8450,14
8451,14
8452,14
8453,13
8454,13
8455,12
8456,12
8457,12
8458,13
8459,13
8460,13
8461,13
8462,14
8463,13
8464,13
8465,13
8466,13
8467,13
8468,13
8469,14
8470,13
8471,14
8472,13
8473,15
8474,13
8475,16
8476,16
8477,13
8478,13
8479,15
8480,13
8481,13
8482,13
8483,13
8484,14
8485,14
8486,13
8487,13
8488,13
8489,14
8490,12
8491,12
8492,12
8493,13
8494,14
8495,13
8496,13
8497,12
8498,12
8499,11
8500,11
8501,11
8502,12
8503,13
8504,12
8505,13
8506,12
8507,13
8508,12
8509,12
8510,12
8511,11
8512,12
8513,10
8514,11
8515,11
8516,9
8517,10
8518,11
8519,11
8520,11
8521,12
8522,11
8523,11
8524,11
8525,11
8526,11
8527,9
8528,10
8529,10
8530,10
8531,10
8532,11
8533,12
8534,11
8535,9
8536,10
8537,10
8538,10
8539,10
8540,8
8541,11
8542,11
8543,11
8544,11
8545,10
8546,11
8547,11
8548,10
8549,11
8550,11
8551,10
8552,10
8553,10
8554,12
8555,11
8556,12
8557,13
8558,12
8559,12
8560,11
8561,12
8562,11
8563,12
8564,12
8565,11
8566,12
8567,13
8568,13
8569,13
8570,12
8571,13
8572,11
8573,10
8574,12
8575,10
8576,10
8577,10
8578,11
8579,10
8580,9
8581,9
8582,9
8583,9
8584,10
8585,10
8586,12
8587,12
8588,13
8589,11
8590,13
8591,13
8592,13
8593,14
8594,13
8595,13
8596,13
8597,13
8598,14
8599,13
8600,13
8601,12
8602,13
8603,12
8604,13
8605,12
8606,13
8607,11
8608,11
8609,11
8610,12
8611,14
8612,13
8613,14
8614,13
8615,14
8616,14
8617,15
8618,14
8619,14
8620,14
8621,14
8622,13
8623,14
8624,14
8625,12
8626,11
8627,10
8628,10
8629,11
8630,12
8631,12
8632,10
8633,10
8634,9
8635,8
8636,8
8637,9
8638,10
8639,9
8640,8
8641,8
8642,9
8643,11
8644,12
8645,12
8646,12
8647,12
8648,13
8649,12
8650,12
8651,13
8652,14
8653,14
8654,13
8655,13
8656,14
8657,15
8658,13
8659,13
8660,13
8661,14
8662,10
8663,9
8664,10
8665,9
8666,12
8667,10
8668,12
8669,12
8670,11
8671,13
8672,13
8673,14
8674,12
8675,12
8676,13
8677,14
8678,14
8679,14
8680,13
8681,13
8682,14
8683,14
8684,13
8685,11
8686,13
8687,10
8688,10
8689,12
8690,12
8691,10
8692,11
8693,12
8694,11
8695,11
8696,13
8697,11
8698,11
8699,12
8700,12
8701,14
8702,13
8703,13
8704,13
8705,12
8706,12
8707,13
8708,12
8709,12
8710,11
8711,11
8712,12
8713,12
8714,12
8715,11
8716,14
8717,12
8718,12
8719,12
8720,12
8721,13
8722,13
8723,11
8724,10
8725,13
8726,13
8727,14
8728,14
8729,13
8730,13
8731,14
8732,13
8733,13
8734,14
8735,12
8736,12
8737,12
8738,12
8739,12
8740,12
8741,12
8742,13
8743,12
8744,12
8745,11
8746,13
8747,12
8748,12
8749,11
8750,14
8751,11
8752,11
8753,11
8754,13
8755,12
8756,14
8757,12
8758,14
8759,14
8760,13
8761,12
8762,13
8763,12
8764,13
8765,12
8766,12
8767,14
8768,14
8769,13
8770,11
8771,11
8772,10
8773,11
8774,11
8775,11
8776,10
8777,10
8778,9
8779,10
8780,10
8781,9
8782,11
8783,11
8784,12
8785,11
8786,10
8787,11
8788,12
8789,12
8790,11
8791,11
8792,10
8793,10
8794,10
8795,9
8796,9
8797,9
8798,10
8799,10
8800,11
8801,10
8802,11
8803,11
8804,10
8805,10
8806,10
8807,11
8808,11
8809,11
8810,10
8811,12
8812,11
8813,12
8814,12
8815,13
8816,13
8817,13
8818,12
8819,12
8820,11
8821,12
8822,12
8823,13
8824,12
8825,13
8826,13
8827,13
8828,12
8829,10
8830,11
8831,12
8832,13
8833,13
8834,14
8835,10
8836,14
8837,13
8838,13
8839,10
8840,11
8841,14
8842,13
8843,12
8844,12
8845,11
8846,11
8847,11
8848,11
8849,11
8850,11
8851,10
8852,12
8853,12
8854,12
8855,13
8856,13
8857,12
8858,13
8859,12
8860,12
8861,14
8862,14
8863,14
8864,14
8865,15
8866,16
8867,14
8868,14
8869,14
8870,14
8871,13
8872,12
8873,14
8874,12
8875,13
8876,11
8877,11
8878,12
8879,13
8880,13
8881,13
8882,15
8883,13
8884,12
8885,12
8886,11
8887,11
8888,10
8889,10
8890,12
8891,14
8892,13
8893,13
8894,12
8895,13
8896,11
8897,13
8898,10
8899,9
8900,10
8901,11
8902,10
8903,9
8904,10
8905,11
8906,10
8907,10
8908,11
8909,12
8910,11
8911,10
8912,11
8913,12
8914,12
8915,12
8916,11
8917,12
8918,11
8919,11
8920,11
8921,12
8922,12
8923,11
8924,11
8925,11
8926,10
8927,10
8928,11
8929,13
8930,12
8931,11
8932,13
8933,15
8934,15
8935,14
8936,15
8937,16
8938,15
8939,16
8940,14
8941,14
8942,13
8943,12
8944,12
8945,13
8946,11
8947,13
8948,10
8949,11
8950,12
8951,13
8952,13
8953,13
8954,13
8955,14
8956,12
8957,11
8958,11
8959,11
8960,11
8961,13
8962,14
8963,13
8964,12
8965,12
8966,12
8967,14
8968,15
8969,15
8970,14
8971,16
8972,14
8973,16
8974,15
8975,15
8976,15
8977,14
8978,14
8979,14
8980,15
8981,15
8982,16
8983,15
8984,15
8985,13
8986,14
8987,12
8988,13
8989,14
8990,14
8991,15
8992,14
8993,12
8994,12
8995,11
8996,12
8997,13
8998,13
8999,10
9000,11
9001,12
9002,11
9003,15
9004,13
9005,13
9006,12
9007,13
9008,13
9009,11
9010,11
9011,10
9012,12
9013,11
9014,12
9015,12
9016,11
9017,10
9018,11
9019,10
9020,9
9021,9
9022,9
9023,10
9024,10
9025,11
9026,10
9027,11
9028,13
9029,10
9030,12
9031,10
9032,10
9033,9
9034,9
9035,11
9036,9
9037,10
9038,10
9039,10
9040,10
9041,10
9042,11
9043,11
9044,11
9045,11
9046,11
9047,10
9048,11
9049,11
9050,11
9051,11
9052,11
9053,11
9054,11
9055,11
9056,11
9057,10
9058,11
9059,10
9060,10
9061,11
9062,10
9063,12
9064,8
9065,9
9066,10
9067,10
9068,8
9069,8
9070,8
9071,9
9072,9
9073,8
9074,9
9075,9
9076,9
9077,9
9078,11
9079,11
9080,11
9081,11
9082,10
9083,10
9084,11
9085,11
9086,12
9087,11
9088,9
9089,10
9090,11
9091,9
9092,8
9093,8
9094,8
9095,9
9096,9
9097,9
9098,11
9099,11
9100,12
9101,11
9102,11
9103,10
9104,12
9105,11
9106,10
9107,13
9108,12
9109,12
9110,11
9111,11
9112,13
9113,13
9114,12
9115,13
9116,13
9117,12
9118,11
9119,12
9120,11
9121,10
9122,10
9123,11
9124,11
9125,11
9126,11
9127,12
9128,11
9129,9
9130,11
9131,13
9132,10
9133,12
9134,13
9135,11
9136,12
9137,13
9138,13
9139,13
9140,13
9141,13
9142,13
9143,13
9144,12
9145,13
9146,12
9147,13
9148,12
9149,12
9150,12
9151,12
9152,10
9153,10
9154,11
9155,12
9156,12
9157,12
9158,14
9159,14
9160,15
9161,15
9162,13
9163,14
9164,13
9165,14
9166,13
9167,12
9168,14
9169,13
9170,13
9171,12
9172,13
9173,11
9174,11
9175,11
9176,11
9177,11
9178,12
9179,11
9180,13
9181,12
9182,13
9183,13
9184,13
9185,14
9186,15
9187,14
9188,14
9189,14
9190,14
9191,13
9192,14
9193,15
9194,14
9195,13
9196,12
9197,13
9198,13
9199,13
9200,11
9201,11
9202,13
9203,12
9204,11
9205,13
9206,12
9207,10
9208,11
9209,11
9210,12
9211,11
9212,11
9213,11
9214,13
9215,11
9216,11
9217,11
9218,11
9219,11
9220,10
9221,11
9222,10
9223,10
9224,10
9225,12
9226,12
9227,12
9228,12
9229,12
9230,13
9231,11
9232,9
9233,12
9234,9
9235,9
9236,9
9237,9
9238,10
9239,9
9240,9
9241,11
9242,11
9243,10
9244,11
9245,13
9246,11
9247,12
9248,11
9249,12
9250,12
9251,12
9252,11
9253,13
9254,14
9255,12
9256,12
9257,11
9258,11
9259,12
9260,11
9261,11
9262,11
9263,11
9264,12
9265,13
9266,12
9267,14
9268,12
9269,13
9270,10
9271,11
9272,12
9273,13
9274,12
9275,12
9276,12
9277,12
9278,12
9279,11
9280,11
9281,11
9282,11
9283,11
9284,10
9285,11
9286,11
9287,11
9288,11
9289,11
9290,10
9291,10
9292,11
9293,12
9294,11
9295,11
9296,12
9297,12
9298,13
9299,13
9300,13
9301,13
9302,15
9303,15
9304,16
9305,15
9306,16
9307,14
9308,14
9309,14
9310,15
9311,14
9312,14
9313,17
9314,17
9315,16
9316,15
9317,14
9318,15
9319,15
9320,14
9321,15
9322,14
9323,14
9324,15
9325,14
9326,15
9327,16
9328,16
9329,15
9330,14
9331,13
9332,16
9333,14
9334,12
9335,14
9336,10
9337,10
9338,11
9339,8
9340,10
9341,11
9342,11
9343,9
9344,12
9345,9
9346,11
9347,10
9348,10
9349,10
9350,11
9351,10
9352,11
9353,12
9354,12
9355,12
9356,12
9357,12
9358,11
9359,10
9360,10
9361,9
9362,9
9363,8
9364,8
9365,9
9366,9
9367,8
9368,9
9369,10
9370,12
9371,10
9372,10
9373,11
9374,11
9375,11
9376,12
9377,11
9378,11
9379,11
9380,11
9381,10
9382,12
9383,12
9384,12
9385,12
9386,11
9387,10
9388,10
9389,12
9390,12
9391,11
9392,11
9393,13
9394,10
9395,10
9396,11
9397,10
9398,13
9399,11
9400,11
9401,12
9402,11
9403,11
9404,11
9405,11
9406,11
9407,11
9408,10
9409,11
9410,11
9411,12
9412,11
9413,10
9414,11
9415,10
9416,10
9417,11
9418,9
9419,9
9420,10
9421,11
9422,11
9423,11
9424,11
9425,12
9426,11
9427,10
9428,11
9429,10
9430,11
9431,11
9432,11
9433,11
9434,12
9435,12
9436,12
9437,13
9438,12
9439,12
9440,13
9441,13
9442,13
9443,14
9444,13
9445,13
9446,13
9447,13
9448,12
9449,12
9450,12
9451,9
9452,10
9453,12
9454,11
9455,11
9456,11
9457,12
9458,12
9459,13
9460,13
9461,14
9462,14
9463,15
9464,13
9465,12
9466,13
9467,12
9468,12
9469,11
9470,11
9471,12
9472,12
9473,12
9474,12
9475,12
9476,11
9477,11
9478,10
9479,9
9480,12
9481,13
9482,13
9483,10
9484,9
9485,11
9486,10
9487,11
9488,13
9489,11
9490,12
9491,12
9492,10
9493,12
9494,10
9495,11
9496,11
9497,12
9498,13
9499,13
9500,13
9501,10
9502,11
9503,12
9504,12
9505,12
9506,13
9507,12
9508,13
9509,14
9510,12
9511,12
9512,12
9513,11
9514,14
9515,11
9516,10
9517,12
9518,11
9519,11
9520,11
9521,11
9522,11
9523,11
9524,11
9525,11
9526,12
9527,13
9528,11
9529,10
9530,12
9531,14
9532,12
9533,12
9534,12
9535,10
9536,12
9537,13
9538,12
9539,14
9540,13
9541,13
9542,12
9543,13
9544,13
9545,13
9546,13
9547,13
9548,13
9549,13
9550,13
9551,12
9552,11
9553,13
9554,10
9555,9
9556,8
9557,8
9558,10
9559,7
9560,8
9561,11
9562,8
9563,8
9564,10
9565,11
9566,10
9567,11
9568,11
9569,11
9570,11
9571,12
9572,13
9573,12
9574,12
9575,12
9576,12
9577,11
9578,12
9579,13
9580,11
9581,11
9582,13
9583,12
9584,12
9585,12
9586,12
9587,12
9588,11
9589,12
9590,13
9591,13
9592,11
9593,13
9594,13
9595,14
9596,13
9597,12
9598,13
9599,12
9600,11
9601,13
9602,13
9603,12
9604,11
9605,10
9606,11
9607,10
9608,11
9609,12
9610,12
9611,9
9612,12
9613,12
9614,13
9615,11
9616,11
9617,14
9618,13
9619,12
9620,12
9621,11
9622,12
9623,12
9624,11
9625,12
9626,11
9627,11
9628,13
9629,12
9630,12
9631,12
9632,11
9633,11
9634,11
9635,9
9636,9
9637,9
9638,10
9639,10
9640,10
9641,11
9642,11
9643,12
9644,12
9645,13
9646,12
9647,13
9648,13
9649,12
9650,12
9651,12
9652,13
9653,13
9654,12
9655,12
9656,12
9657,13
9658,12
9659,12
9660,11
9661,12
9662,10
9663,12
9664,12
9665,10
9666,12
9667,12
9668,11
9669,11
9670,11
9671,13
9672,14
9673,14
9674,14
9675,13
9676,12
9677,12
9678,12
9679,12
9680,12
9681,13
9682,13
9683,13
9684,14
9685,13
9686,14
9687,13
9688,13
9689,12
9690,11
9691,11
9692,11
9693,10
9694,10
9695,10
9696,10
9697,9
9698,9
9699,9
9700,10
9701,12
9702,12
9703,12
9704,11
9705,11
9706,11
9707,12
9708,11
9709,11
9710,11
9711,11
9712,12
9713,13
9714,13
9715,13
9716,13
9717,13
9718,12
9719,9
9720,10
9721,9
9722,9
9723,10
9724,8
9725,11
9726,9
9727,9
9728,8
9729,8
9730,9
9731,9
9732,11
9733,12
9734,11
9735,12
9736,10
9737,11
9738,13
9739,13
9740,11
9741,11
9742,13
9743,11
9744,11
9745,10
9746,10
9747,11
9748,10
9749,11
9750,10
9751,9
9752,11
9753,9
9754,10
9755,11
9756,11
9757,12
9758,12
9759,11
9760,13
9761,11
9762,13
9763,12
9764,12
9765,10
9766,11
9767,11
9768,12
9769,12
9770,13
9771,13
9772,12
9773,12
9774,12
9775,11
9776,10
9777,11
9778,10
9779,10
9780,8
9781,10
9782,10
9783,8
9784,10
9785,10
9786,9
9787,10
9788,11
9789,12
9790,13
9791,12
9792,11
9793,12
9794,13
9795,12
9796,12
9797,12
9798,13
9799,13
9800,14
9801,14
9802,15
9803,13
9804,12
9805,14
9806,11
9807,13
9808,13
9809,12
9810,12
9811,13
9812,12
9813,12
9814,14
9815,13
9816,13
9817,14
9818,13
9819,12
9820,13
9821,14
9822,14
9823,13
9824,13
9825,14
9826,12
9827,13
9828,11
9829,11
9830,11
9831,10
9832,10
9833,12
9834,11
9835,12
9836,11
9837,9
9838,9
9839,10
9840,10
9841,11
9842,10
9843,11
9844,11
9845,10
9846,11
9847,11
9848,11
9849,10
9850,11
9851,10
9852,10
9853,12
9854,13
9855,12
9856,10
9857,10
9858,11
9859,9
9860,9
9861,10
9862,10
9863,9
9864,11
9865,13
9866,13
9867,12
9868,11
9869,12
9870,11
9871,11
9872,12
9873,11
9874,10
9875,10
9876,12
9877,12
9878,13
9879,12
9880,13
9881,13
9882,14
9883,13
9884,12
9885,11
9886,11
9887,11
9888,11
9889,11
9890,10
9891,10
9892,10
9893,9
9894,9
9895,9
9896,7
9897,8
9898,8
9899,6
9900,8
9901,11
9902,12
9903,11
9904,12
9905,11
9906,12
9907,12
9908,11
9909,12
9910,11
9911,12
9912,12
9913,13
9914,13
9915,15
9916,14
9917,15
9918,14
9919,14
9920,14
9921,14
9922,14
9923,11
9924,12
9925,11
9926,12
9927,12
9928,13
9929,12
9930,13
9931,11
9932,11
9933,11
9934,11
9935,12
9936,11
9937,12
9938,12
9939,12
9940,12
9941,12
9942,12
9943,12
9944,11
9945,11
9946,11
9947,11
9948,10
9949,10
9950,11
9951,12
9952,10
9953,11
9954,10
9955,13
9956,15
9957,12
9958,14
9959,12
9960,12
9961,15
9962,13
9963,14
9964,14
9965,12
9966,13
9967,13
9968,12
9969,12
9970,13
9971,12
9972,14
9973,13
9974,17
9975,13
9976,15
9977,14
9978,14
9979,13
9980,15
9981,14
9982,13
9983,15
9984,15
9985,16
9986,15
9987,15
9988,15
9989,14
9990,13
9991,14
9992,15
9993,16
9994,16
9995,13
9996,13
9997,13
9998,13
9999,12
10000,11
