1,0
2,1
3,1
4,1
5,1
6,2
7,2
8,2
9,4
10,4
11,4
12,4
13,3
14,3
15,3
16,3
17,3
18,3
19,3
20,3
21,1
22,1
23,1
24,2
25,2
26,3
27,2
28,2
29,1
30,4
31,1
32,0
33,1
34,2
35,1
36,2
37,2
38,1
39,1
40,1
41,2
42,2
43,3
44,3
45,3
46,4
47,4
48,4
49,4
50,3
51,2
52,2
53,2
54,2
55,3
56,2
57,2
58,2
59,2
60,2
61,2
62,2
63,2
64,0
65,0
66,0
67,0
68,3
69,1
70,1
71,1
72,1
73,2
74,2
75,2
76,2
77,2
78,2
79,2
80,2
81,3
82,3
83,2
84,2
85,3
86,2
87,2
88,2
89,2
90,2
91,1
92,2
93,1
94,1
95,1
96,1
97,0
98,2
99,1
100,1
101,2
102,2
103,2
104,2
105,2
106,3
107,3
108,3
109,3
110,3
111,3
112,3
113,3
114,3
115,3
116,4
117,4
118,2
119,3
120,1
121,4
122,3
123,4
124,4
125,4
126,3
127,3
128,4
129,4
130,4
131,4
132,4
133,4
134,4
135,4
136,3
137,1
138,1
139,1
140,1
141,1
142,1
143,3
144,2
145,2
146,4
147,3
148,3
149,4
150,4
151,3
152,3
153,3
154,3
155,3
156,3
157,4
158,4
159,4
160,3
161,3
162,3
163,4
164,2
165,3
166,3
167,2
168,1
169,1
170,2
171,2
172,2
173,3
174,3
175,3
176,3
177,3
178,3
179,3
180,3
181,2
182,2
183,2
184,3
185,2
186,3
187,3
188,3
189,3
190,3
191,4
192,4
193,4
194,4
195,3
196,3
197,3
198,4
199,3
200,3
201,4
202,4
203,4
204,4
205,3
206,4
207,3
208,3
209,3
210,2
211,3
212,3
213,3
214,2
215,3
216,2
217,2
218,2
219,2
220,1
221,2
222,3
223,4
224,4
225,4
226,4
227,4
228,3
229,2
230,3
231,3
232,2
233,3
234,4
235,4
236,5
237,4
238,2
239,4
240,5
241,5
242,4
243,4
244,2
245,2
246,2
247,2
248,2
249,2
250,1
251,2
252,2
253,2
254,2
255,3
256,4
257,3
258,3
259,2
260,3
261,4
262,3
263,4
264,3
265,3
266,2
267,2
268,2
269,2
270,2
271,3
272,3
273,3
274,3
275,3
276,3
277,3
278,3
279,2
280,1
281,1
282,1
283,1
284,1
285,1
286,1
287,1
288,0
289,3
290,2
291,3
292,2
293,4
294,4
295,5
296,5
297,5
298,4
299,5
300,4
301,3
302,3
303,3
304,4
305,3
306,4
307,3
308,3
309,2
310,2
311,1
312,3
313,3
314,2
315,2
316,2
317,2
318,2
319,3
320,3
321,3
322,3
323,3
324,3
325,3
326,3
327,4
328,5
329,4
330,4
331,5
332,5
333,5
334,4
335,5
336,5
337,2
338,4
339,3
340,3
341,2
342,2
343,2
344,1
345,4
346,3
347,4
348,2
349,4
350,3
351,3
352,3
353,3
354,3
355,3
356,4
357,3
358,3
359,3
360,4
361,4
362,4
363,4
364,4
365,3
366,3
367,3
368,3
369,3
370,3
371,3
372,2
373,1
374,1
375,2
376,3
377,2
378,2
379,2
380,2
381,2
382,3
383,3
384,3
385,3
386,3
387,3
388,3
389,4
390,4
391,4
392,4
393,3
394,5
395,3
396,3
397,4
398,5
399,3
400,3
401,3
402,2
403,3
404,3
405,3
406,2
407,3
408,2
409,2
410,3
411,3
412,3
413,3
414,3
415,3
416,3
417,3
418,3
419,4
420,4
421,4
422,4
423,3
424,2
425,2
426,2
427,2
428,2
429,3
430,4
431,3
432,5
433,6
434,5
435,5
436,5
437,5
438,5
439,6
440,5
441,5
442,5
443,5
444,4
445,5
446,4
447,3
448,3
449,3
450,3
451,3
452,3
453,3
454,2
455,2
456,3
457,3
458,3
459,3
460,2
461,2
462,4
463,4
464,4
465,3
466,3
467,2
468,2
469,3
470,2
471,2
472,2
473,3
474,4
475,5
476,4
477,2
478,4
479,3
480,5
481,4
482,5
483,4
484,5
485,5
486,5
487,4
488,4
489,4
490,4
491,4
492,5
493,4
494,3
495,2
496,2
497,2
498,2
499,3
500,3
501,3
502,2
503,2
504,3
505,4
506,3
507,3
508,3
509,3
510,3
511,3
512,3
513,3
514,3
515,3
516,3
517,4
518,4
519,4
520,5
521,4
522,5
523,6
524,3
525,3
526,4
527,4
528,4
529,4
530,4
531,4
532,4
533,5
534,5
535,5
536,4
537,4
538,4
539,3
540,4
541,4
542,4
543,5
544,5
545,5
546,6
547,5
548,5
549,5
550,5
551,5
552,5
553,5
554,5
555,5
556,5
557,5
558,3
559,4
560,3
561,3
562,3
563,2
564,2
565,2
566,3
567,3
568,4
569,5
570,5
571,5
572,5
573,5
574,5
575,6
576,5
577,6
578,6
579,6
580,6
581,5
582,4
583,4
584,3
585,4
586,3
587,4
588,3
589,3
590,4
591,2
592,2
593,2
594,3
595,4
596,3
597,4
598,5
599,5
600,5
601,3
602,5
603,5
604,5
605,4
606,4
607,5
608,3
609,3
610,2
611,3
612,3
613,4
614,5
615,5
616,4
617,5
618,2
619,2
620,3
621,2
622,3
623,3
624,3
625,4
626,3
627,3
628,3
629,3
630,3
631,4
632,2
633,3
634,3
635,3
636,3
637,3
638,3
639,3
640,4
641,3
642,4
643,2
644,2
645,3
646,2
647,2
648,2
649,3
650,4
651,4
652,2
653,3
654,3
655,2
656,2
657,1
658,2
659,2
660,1
661,2
662,2
663,2
664,3
665,3
666,2
667,2
668,1
669,2
670,2
671,2
672,2
673,2
674,3
675,2
676,2
677,2
678,2
679,3
680,4
681,2
682,4
683,2
684,3
685,3
686,3
687,1
688,1
689,1
690,1
691,2
692,3
693,1
694,4
695,4
696,3
697,2
698,3
699,3
700,3
701,3
702,4
703,2
704,3
705,3
706,2
707,2
708,2
709,2
710,2
711,2
712,1
713,1
714,1
715,1
716,1
717,1
718,1
719,1
720,1
721,2
722,1
723,2
724,2
725,1
726,1
727,2
728,2
729,1
730,2
731,1
732,2
733,1
734,1
735,1
736,1
737,1
738,1
739,1
740,1
741,1
742,0
743,0
744,0
745,0
746,0
747,0
748,9
749,0
750,0
751,0
752,0
753,0
754,2
755,2
756,2
757,2
758,2
759,3
760,3
761,3
762,3
763,3
764,2
765,2
766,3
767,4
768,3
769,2
770,2
771,2
772,2
773,2
774,2
775,1
776,1
777,1
778,1
779,1
780,1
781,1
782,1
783,1
784,1
785,3
786,1
787,3
788,1
789,2
790,2
791,2
792,2
793,2
794,3
795,3
796,3
797,4
798,4
799,4
800,4
801,4
802,4
803,4
804,4
805,4
806,5
807,5
808,3
809,2
810,2
811,2
812,2
813,2
814,3
815,3
816,5
817,5
818,5
819,5
820,5
821,5
822,5
823,3
824,2
825,3
826,3
827,3
828,4
829,4
830,3
831,4
832,4
833,4
834,4
835,5
836,5
837,4
838,5
839,3
840,3
841,3
842,3
843,3
844,3
845,3
846,2
847,2
848,3
849,3
850,3
851,3
852,4
853,3
854,3
855,3
856,4
857,5
858,5
859,5
860,5
861,5
862,5
863,5
864,5
865,5
866,5
867,4
868,3
869,5
870,3
871,4
872,3
873,3
874,3
875,4
876,2
877,3
878,4
879,3
880,3
881,3
882,3
883,3
884,3
885,3
886,3
887,3
888,3
889,2
890,2
891,2
892,2
893,2
894,3
895,3
896,3
897,3
898,3
899,5
900,4
901,4
902,3
903,3
904,3
905,3
906,3
907,3
908,3
909,3
910,5
911,3
912,4
913,5
914,3
915,3
916,3
917,3
918,3
919,3
920,4
921,4
922,4
923,4
924,4
925,4
926,4
927,3
928,1
929,1
930,1
931,1
932,1
933,0
934,0
935,6
936,1
937,1
938,2
939,2
940,3
941,2
942,3
943,5
944,5
945,4
946,4
947,5
948,5
949,4
950,3
951,5
952,4
953,5
954,5
955,5
956,4
957,5
958,5
959,5
960,6
961,7
962,6
963,6
964,5
965,4
966,3
967,4
968,4
969,2
970,2
971,2
972,2
973,2
974,2
975,2
976,3
977,3
978,2
979,1
980,2
981,2
982,3
983,3
984,3
985,4
986,4
987,3
988,4
989,3
990,3
991,3
992,3
993,3
994,4
995,3
996,4
997,3
998,2
999,0
1000,1
1001,2
1002,2
1003,3
1004,2
1005,2
1006,4
1007,4
1008,4
1009,4
1010,4
1011,4
1012,4
1013,4
1014,4
1015,4
1016,4
1017,4
1018,4
1019,4
1020,2
1021,4
1022,4
1023,2
1024,3
1025,3
1026,3
1027,3
1028,2
1029,2
1030,3
1031,3
1032,3
1033,4
1034,5
1035,6
1036,6
1037,4
1038,4
1039,3
1040,3
1041,4
1042,3
1043,3
1044,2
1045,2
1046,3
1047,2
1048,2
1049,5
1050,5
1051,5
1052,3
1053,6
1054,4
1055,4
1056,4
1057,4
1058,5
1059,4
1060,6
1061,5
1062,5
1063,5
1064,5
1065,5
1066,5
1067,5
1068,5
1069,4
1070,4
1071,5
1072,5
1073,4
1074,4
1075,4
1076,6
1077,6
1078,6
1079,5
1080,5
1081,5
1082,5
1083,5
1084,4
1085,5
1086,5
1087,6
1088,6
1089,6
1090,6
1091,4
1092,4
1093,4
1094,4
1095,3
1096,3
1097,2
1098,2
1099,2
1100,2
1101,2
1102,1
1103,1
1104,2
1105,3
1106,2
1107,2
1108,2
1109,2
1110,2
1111,3
1112,4
1113,4
1114,4
1115,4
1116,4
1117,5
1118,5
1119,5
1120,3
1121,4
1122,1
1123,2
1124,2
1125,2
1126,2
1127,2
1128,1
1129,3
1130,2
1131,3
1132,3
1133,3
1134,3
1135,4
1136,3
1137,4
1138,3
1139,4
1140,5
1141,5
1142,6
1143,5
1144,5
1145,5
1146,5
1147,5
1148,5
1149,5
1150,5
1151,5
1152,5
1153,1
1154,2
1155,2
1156,2
1157,1
1158,1
1159,0
1160,3
1161,2
1162,3
1163,4
1164,4
1165,5
1166,5
1167,5
1168,4
1169,5
1170,5
1171,4
1172,5
1173,3
1174,3
1175,3
1176,3
1177,4
1178,4
1179,4
1180,4
1181,3
1182,3
1183,3
1184,3
1185,4
1186,4
1187,4
1188,3
1189,2
1190,4
1191,5
1192,6
1193,6
1194,5
1195,5
1196,4
1197,4
1198,5
1199,5
1200,5
1201,5
1202,5
1203,4
1204,4
1205,5
1206,4
1207,5
1208,4
1209,4
1210,4
1211,3
1212,4
1213,4
1214,5
1215,5
1216,5
1217,5
1218,3
1219,4
1220,3
1221,4
1222,3
1223,4
1224,5
1225,6
1226,5
1227,5
1228,5
1229,5
1230,5
1231,4
1232,4
1233,5
1234,4
1235,4
1236,4
1237,4
1238,4
1239,5
1240,4
1241,4
1242,4
1243,4
1244,4
1245,3
1246,3
1247,2
1248,2
1249,2
1250,1
1251,2
1252,2
1253,3
1254,3
1255,3
1256,4
1257,4
1258,4
1259,4
1260,4
1261,5
1262,5
1263,6
1264,7
1265,6
1266,5
1267,5
1268,5
1269,6
1270,6
1271,5
1272,5
1273,5
1274,5
1275,5
1276,5
1277,4
1278,4
1279,4
1280,4
1281,5
1282,4
1283,4
1284,4
1285,3
1286,3
1287,3
1288,3
1289,3
1290,2
1291,3
1292,4
1293,3
1294,3
1295,3
1296,3
1297,3
1298,3
1299,3
1300,3
1301,3
1302,3
1303,3
1304,3
1305,4
1306,5
1307,4
1308,5
1309,6
1310,6
1311,5
1312,3
1313,3
1314,4
1315,4
1316,5
1317,4
1318,4
1319,4
1320,5
1321,5
1322,4
1323,4
1324,4
1325,4
1326,3
1327,3
1328,2
1329,1
1330,3
1331,2
1332,4
1333,3
1334,4
1335,4
1336,4
1337,4
1338,4
1339,4
1340,3
1341,5
1342,4
1343,4
1344,5
1345,5
1346,4
1347,5
1348,5
1349,5
1350,4
1351,4
1352,5
1353,5
1354,5
1355,5
1356,5
1357,5
1358,5
1359,4
1360,3
1361,4
1362,5
1363,5
1364,4
1365,4
1366,4
1367,4
1368,4
1369,4
1370,4
1371,3
1372,3
1373,3
1374,3
1375,3
1376,3
1377,3
1378,3
1379,5
1380,5
1381,4
1382,4
1383,4
1384,4
1385,4
1386,3
1387,3
1388,3
1389,3
1390,4
1391,4
1392,4
1393,6
1394,6
1395,5
1396,5
1397,5
1398,5
1399,4
1400,4
1401,4
1402,4
1403,4
1404,4
1405,4
1406,5
1407,4
1408,4
1409,4
1410,4
1411,4
1412,4
1413,2
1414,4
1415,4
1416,4
1417,5
1418,7
1419,6
1420,7
1421,5
1422,6
1423,6
1424,6
1425,6
1426,6
1427,4
1428,4
1429,4
1430,3
1431,3
1432,3
1433,4
1434,5
1435,4
1436,5
1437,5
1438,6
1439,5
1440,5
1441,5
1442,4
1443,6
1444,5
1445,6
1446,7
1447,6
1448,6
1449,6
1450,5
1451,5
1452,5
1453,5
1454,5
1455,4
1456,3
1457,4
1458,3
1459,4
1460,5
1461,5
1462,3
1463,6
1464,5
1465,5
1466,5
1467,6
1468,5
1469,5
1470,5
1471,5
1472,6
1473,6
1474,6
1475,6
1476,6
1477,5
1478,5
1479,5
1480,5
1481,6
1482,5
1483,3
1484,2
1485,4
1486,4
1487,4
1488,4
1489,4
1490,4
1491,4
1492,5
1493,5
1494,5
1495,5
1496,4
1497,4
1498,4
1499,5
1500,6
1501,6
1502,6
1503,5
1504,5
1505,5
1506,5
1507,5
1508,5
1509,5
1510,3
1511,4
1512,3
1513,5
1514,2
1515,4
1516,4
1517,3
1518,4
1519,4
1520,4
1521,4
1522,4
1523,3
1524,3
1525,3
1526,3
1527,2
1528,4
1529,4
1530,4
1531,4
1532,4
1533,4
1534,4
1535,5
1536,5
1537,5
1538,5
1539,6
1540,5
1541,5
1542,6
1543,5
1544,5
1545,6
1546,5
1547,7
1548,6
1549,7
1550,6
1551,6
1552,5
1553,4
1554,4
1555,4
1556,3
1557,3
1558,3
1559,3
1560,3
1561,3
1562,3
1563,3
1564,3
1565,4
1566,4
1567,4
1568,5
1569,4
1570,5
1571,5
1572,5
1573,4
1574,5
1575,5
1576,5
1577,5
1578,5
1579,5
1580,5
1581,5
1582,6
1583,6
1584,5
1585,5
1586,4
1587,6
1588,5
1589,3
1590,4
1591,4
1592,5
1593,5
1594,4
1595,2
1596,3
1597,3
1598,4
1599,4
1600,5
1601,5
1602,5
1603,5
1604,5
1605,5
1606,5
1607,5
1608,6
1609,5
1610,4
1611,3
1612,4
1613,4
1614,4
1615,4
1616,4
1617,4
1618,4
1619,4
1620,4
1621,4
1622,4
1623,5
1624,3
1625,3
1626,3
1627,4
1628,4
1629,4
1630,4
1631,4
1632,4
1633,4
1634,5
1635,6
1636,5
1637,3
1638,3
1639,3
1640,1
1641,2
1642,1
1643,1
1644,2
1645,1
1646,0
1647,1
1648,0
1649,1
1650,1
1651,3
1652,2
1653,3
1654,3
1655,3
1656,3
1657,5
1658,6
1659,5
1660,4
1661,4
1662,4
1663,5
1664,5
1665,4
1666,4
1667,5
1668,3
1669,5
1670,3
1671,3
1672,1
1673,1
1674,1
1675,2
1676,2
1677,4
1678,5
1679,5
1680,5
1681,5
1682,5
1683,5
1684,5
1685,4
1686,4
1687,5
1688,4
1689,5
1690,5
1691,5
1692,4
1693,5
1694,7
1695,3
1696,4
1697,4
1698,4
1699,5
1700,5
1701,5
1702,4
1703,4
1704,3
1705,3
1706,3
1707,4
1708,4
1709,4
1710,4
1711,4
1712,4
1713,4
1714,5
1715,5
1716,5
1717,5
1718,5
1719,6
1720,6
1721,6
1722,6
1723,5
1724,5
1725,4
1726,4
1727,4
1728,5
1729,4
1730,5
1731,3
1732,4
1733,4
1734,3
1735,3
1736,5
1737,5
1738,5
1739,5
1740,5
1741,5
1742,5
1743,6
1744,6
1745,6
1746,6
1747,6
1748,6
1749,6
1750,6
1751,5
1752,3
1753,5
1754,4
1755,3
1756,4
1757,4
1758,4
1759,5
1760,4
1761,5
1762,4
1763,5
1764,4
1765,4
1766,4
1767,4
1768,5
1769,5
1770,4
1771,4
1772,3
1773,4
1774,4
1775,4
1776,5
1777,5
1778,5
1779,4
1780,2
1781,3
1782,1
1783,2
1784,4
1785,3
1786,3
1787,3
1788,2
1789,3
1790,4
1791,3
1792,3
1793,4
1794,4
1795,4
1796,4
1797,5
1798,5
1799,4
1800,5
1801,4
1802,5
1803,5
1804,5
1805,5
1806,4
1807,5
1808,5
1809,5
1810,4
1811,4
1812,5
1813,3
1814,3
1815,3
1816,3
1817,4
1818,4
1819,3
1820,3
1821,3
1822,4
1823,4
1824,5
1825,5
1826,7
1827,6
1828,6
1829,6
1830,6
1831,6
1832,6
1833,6
1834,6
1835,4
1836,4
1837,4
1838,3
1839,4
1840,4
1841,4
1842,5
1843,5
1844,5
1845,5
1846,4
1847,6
1848,5
1849,5
1850,5
1851,5
1852,5
1853,5
1854,5
1855,6
1856,6
1857,7
1858,7
1859,7
1860,5
1861,4
1862,5
1863,3
1864,3
1865,4
1866,5
1867,6
1868,5
1869,5
1870,5
1871,5
1872,4
1873,3
1874,3
1875,3
1876,3
1877,3
1878,4
1879,4
1880,3
1881,4
1882,4
1883,3
1884,3
1885,3
1886,5
1887,4
1888,4
1889,3
1890,5
1891,5
1892,5
1893,5
1894,5
1895,5
1896,5
1897,5
1898,5
1899,5
1900,4
1901,4
1902,5
1903,5
1904,5
1905,4
1906,5
1907,4
1908,5
1909,4
1910,4
1911,4
1912,4
1913,4
1914,3
1915,4
1916,3
1917,3
1918,4
1919,5
1920,5
1921,5
1922,6
1923,5
1924,5
1925,5
1926,6
1927,5
1928,5
1929,5
1930,5
1931,4
1932,3
1933,5
1934,4
1935,4
1936,4
1937,4
1938,4
1939,6
1940,6
1941,6
1942,5
1943,5
1944,5
1945,5
1946,5
1947,5
1948,6
1949,5
1950,4
1951,5
1952,5
1953,5
1954,5
1955,4
1956,5
1957,5
1958,6
1959,7
1960,4
1961,7
1962,5
1963,6
1964,5
1965,5
1966,6
1967,5
1968,6
1969,6
1970,7
1971,7
1972,5
1973,6
1974,5
1975,5
1976,5
1977,6
1978,6
1979,6
1980,5
1981,5
1982,6
1983,5
1984,4
1985,3
1986,3
1987,4
1988,5
1989,4
1990,4
1991,4
1992,4
1993,4
1994,5
1995,5
1996,5
1997,5
1998,4
1999,4
2000,3
2001,4
2002,6
2003,6
2004,6
2005,6
2006,6
2007,5
2008,4
2009,5
2010,4
2011,5
2012,4
2013,4
2014,4
2015,4
2016,5
2017,5
2018,4
2019,5
2020,4
2021,5
2022,5
2023,4
2024,5
2025,3
2026,4
2027,3
2028,4
2029,5
2030,5
2031,4
2032,4
2033,4
2034,4
2035,4
2036,3
2037,3
2038,2
2039,3
2040,3
2041,3
2042,3
2043,4
2044,4
2045,4
2046,4
2047,4
2048,4
2049,4
2050,5
2051,5
2052,5
2053,4
2054,4
2055,4
2056,4
2057,4
2058,2
2059,2
2060,2
2061,4
2062,3
2063,4
2064,3
2065,3
2066,4
2067,4
2068,3
2069,3
2070,3
2071,4
2072,3
2073,4
2074,5
2075,5
2076,6
2077,6
2078,6
2079,6
2080,5
2081,5
2082,5
2083,5
2084,5
2085,5
2086,4
2087,5
2088,5
2089,6
2090,6
2091,6
2092,5
2093,6
2094,2
2095,2
2096,2
2097,2
2098,2
2099,3
2100,3
2101,4
2102,3
2103,4
2104,5
2105,4
2106,3
2107,3
2108,3
2109,3
2110,2
2111,3
2112,2
2113,2
2114,4
2115,4
2116,4
2117,3
2118,4
2119,5
2120,5
2121,3
2122,4
2123,4
2124,3
2125,4
2126,3
2127,4
2128,5
2129,5
2130,5
2131,5
2132,6
2133,6
2134,6
2135,6
2136,6
2137,3
2138,5
2139,4
2140,3
2141,4
2142,4
2143,3
2144,2
2145,2
2146,2
2147,5
2148,4
2149,4
2150,4
2151,4
2152,4
2153,5
2154,5
2155,4
2156,6
2157,6
2158,6
2159,6
2160,6
2161,6
2162,6
2163,5
2164,6
2165,5
2166,5
2167,5
2168,4
2169,4
2170,2
2171,3
2172,4
2173,5
2174,5
2175,4
2176,4
2177,4
2178,4
2179,4
2180,3
2181,4
2182,4
2183,4
2184,6
2185,6
2186,6
2187,5
2188,6
2189,5
2190,6
2191,5
2192,3
2193,4
2194,5
2195,4
2196,3
2197,6
2198,5
2199,4
2200,4
2201,4
2202,4
2203,4
2204,4
2205,5
2206,5
2207,5
2208,4
2209,5
2210,4
2211,5
2212,4
2213,5
2214,6
2215,6
2216,6
2217,6
2218,5
2219,5
2220,5
2221,4
2222,4
2223,4
2224,4
2225,4
2226,4
2227,4
2228,3
2229,4
2230,5
2231,5
2232,5
2233,5
2234,5
2235,5
2236,5
2237,5
2238,6
2239,6
2240,6
2241,6
2242,6
2243,5
2244,6
2245,5
2246,6
2247,5
2248,4
2249,4
2250,5
2251,5
2252,4
2253,5
2254,4
2255,4
2256,3
2257,3
2258,3
2259,3
2260,2
2261,3
2262,3
2263,3
2264,2
2265,3
2266,3
2267,3
2268,4
2269,4
2270,4
2271,3
2272,3
2273,4
2274,4
2275,4
2276,5
2277,5
2278,5
2279,5
2280,6
2281,6
2282,6
2283,6
2284,6
2285,5
2286,6
2287,6
2288,7
2289,6
2290,6
2291,6
2292,7
2293,6
2294,6
2295,6
2296,6
2297,2
2298,3
2299,4
2300,6
2301,5
2302,5
2303,5
2304,5
2305,6
2306,5
2307,5
2308,5
2309,4
2310,4
2311,4
2312,6
2313,5
2314,6
2315,5
2316,5
2317,5
2318,4
2319,4
2320,4
2321,4
2322,4
2323,5
2324,5
2325,4
2326,4
2327,5
2328,5
2329,5
2330,4
2331,4
2332,4
2333,4
2334,4
2335,4
2336,4
2337,4
2338,5
2339,5
2340,5
2341,5
2342,5
2343,5
2344,5
2345,5
2346,5
2347,4
2348,5
2349,3
2350,3
2351,4
2352,4
2353,4
2354,4
2355,4
2356,5
2357,5
2358,5
2359,5
2360,5
2361,5
2362,6
2363,6
2364,6
2365,6
2366,6
2367,5
2368,5
2369,5
2370,5
2371,5
2372,4
2373,3
2374,2
2375,2
2376,1
2377,2
2378,2
2379,1
2380,1
2381,2
2382,2
2383,2
2384,2
2385,2
2386,2
2387,3
2388,4
2389,4
2390,4
2391,4
2392,3
2393,2
2394,3
2395,4
2396,4
2397,4
2398,4
2399,4
2400,4
2401,5
2402,6
2403,4
2404,4
2405,4
2406,3
2407,4
2408,5
2409,4
2410,4
2411,4
2412,3
2413,4
2414,4
2415,4
2416,4
2417,4
2418,3
2419,3
2420,3
2421,3
2422,3
2423,2
2424,3
2425,2
2426,1
2427,1
2428,3
2429,1
2430,2
2431,2
2432,2
2433,2
2434,2
2435,2
2436,3
2437,3
2438,4
2439,4
2440,4
2441,4
2442,4
2443,4
2444,4
2445,3
2446,4
2447,3
2448,3
2449,3
2450,4
2451,3
2452,4
2453,3
2454,4
2455,3
2456,1
2457,2
2458,2
2459,2
2460,3
2461,4
2462,4
2463,3
2464,3
2465,5
2466,4
2467,4
2468,4
2469,6
2470,6
2471,6
2472,6
2473,5
2474,5
2475,5
2476,5
2477,5
2478,4
2479,4
2480,3
2481,4
2482,3
2483,2
2484,1
2485,4
2486,4
2487,4
2488,3
2489,4
2490,4
2491,4
2492,5
2493,5
2494,6
2495,5
2496,5
2497,6
2498,6
2499,5
2500,5
2501,4
2502,4
2503,4
2504,6
2505,5
2506,3
2507,2
2508,3
2509,2
2510,2
2511,2
2512,2
2513,2
2514,2
2515,3
2516,2
2517,4
2518,4
2519,3
2520,4
2521,4
2522,4
2523,4
2524,4
2525,4
2526,4
2527,4
2528,4
2529,3
2530,4
2531,3
2532,3
2533,3
2534,3
2535,2
2536,2
2537,2
2538,2
2539,2
2540,3
2541,3
2542,2
2543,2
2544,2
2545,3
2546,3
2547,3
2548,3
2549,4
2550,4
2551,4
2552,4
2553,5
2554,5
2555,5
2556,5
2557,5
2558,6
2559,5
2560,5
2561,5
2562,5
2563,4
2564,3
2565,5
2566,4
2567,5
2568,5
2569,5
2570,4
2571,4
2572,3
2573,3
2574,3
2575,3
2576,3
2577,2
2578,3
2579,4
2580,5
2581,5
2582,5
2583,5
2584,5
2585,5
2586,4
2587,4
2588,5
2589,4
2590,4
2591,4
2592,3
2593,4
2594,4
2595,4
2596,4
2597,4
2598,5
2599,4
2600,4
2601,4
2602,2
2603,4
2604,3
2605,6
2606,6
2607,6
2608,6
2609,5
2610,5
2611,4
2612,4
2613,5
2614,6
2615,6
2616,6
2617,6
2618,6
2619,5
2620,5
2621,5
2622,5
2623,4
2624,4
2625,4
2626,4
2627,4
2628,2
2629,5
2630,5
2631,4
2632,5
2633,4
2634,3
2635,4
2636,4
2637,4
2638,4
2639,5
2640,4
2641,4
2642,5
2643,5
2644,5
2645,5
2646,4
2647,3
2648,3
2649,3
2650,3
2651,3
2652,3
2653,3
2654,4
2655,3
2656,3
2657,2
2658,4
2659,4
2660,4
2661,4
2662,4
2663,4
2664,4
2665,4
2666,5
2667,5
2668,5
2669,5
2670,5
2671,6
2672,5
2673,5
2674,4
2675,5
2676,6
2677,6
2678,6
2679,6
2680,5
2681,5
2682,4
2683,4
2684,3
2685,3
2686,3
2687,4
2688,3
2689,4
2690,4
2691,4
2692,4
2693,5
2694,5
2695,4
2696,3
2697,4
2698,4
2699,3
2700,4
2701,5
2702,5
2703,5
2704,4
2705,4
2706,4
2707,4
2708,4
2709,3
2710,1
2711,3
2712,2
2713,3
2714,3
2715,3
2716,4
2717,3
2718,4
2719,4
2720,5
2721,4
2722,4
2723,4
2724,4
2725,4
2726,5
2727,5
2728,4
2729,4
2730,4
2731,4
2732,3
2733,3
2734,3
2735,3
2736,3
2737,4
2738,4
2739,4
2740,4
2741,5
2742,4
2743,6
2744,6
2745,6
2746,5
2747,5
2748,6
2749,6
2750,6
2751,6
2752,6
2753,5
2754,5
2755,5
2756,5
2757,6
2758,6
2759,4
2760,4
2761,5
2762,4
2763,5
2764,4
2765,4
2766,4
2767,5
2768,4
2769,6
2770,6
2771,6
2772,6
2773,5
2774,4
2775,4
2776,3
2777,4
2778,5
2779,4
2780,5
2781,5
2782,6
2783,5
2784,5
2785,5
2786,4
2787,5
2788,5
2789,5
2790,5
2791,4
2792,4
2793,4
2794,3
2795,4
2796,4
2797,6
2798,6
2799,5
2800,6
2801,5
2802,5
2803,5
2804,5
2805,5
2806,5
2807,5
2808,5
2809,5
2810,6
2811,6
2812,4
2813,3
2814,3
2815,3
2816,3
2817,3
2818,3
2819,3
2820,3
2821,4
2822,4
2823,4
2824,4
2825,4
2826,4
2827,4
2828,4
2829,4
2830,4
2831,4
2832,4
2833,4
2834,4
2835,4
2836,4
2837,4
2838,4
2839,4
2840,5
2841,5
2842,4
2843,3
2844,3
2845,4
2846,4
2847,4
2848,4
2849,4
2850,4
2851,3
2852,4
2853,4
2854,4
2855,3
2856,3
2857,3
2858,3
2859,3
2860,3
2861,3
2862,4
2863,5
2864,4
2865,4
2866,4
2867,4
2868,3
2869,3
2870,3
2871,3
2872,3
2873,3
2874,4
2875,4
2876,4
2877,4
2878,5
2879,5
2880,5
2881,6
2882,6
2883,4
2884,5
2885,5
2886,4
2887,4
2888,4
2889,4
2890,2
2891,2
2892,3
2893,1
2894,3
2895,3
2896,3
2897,3
2898,2
2899,2
2900,2
2901,2
2902,2
2903,2
2904,4
2905,1
2906,2
2907,3
2908,3
2909,5
2910,5
2911,5
2912,5
2913,5
2914,5
2915,4
2916,5
2917,5
2918,5
2919,5
2920,5
2921,5
2922,4
2923,4
2924,5
2925,5
2926,4
2927,5
2928,4
2929,3
2930,3
2931,3
2932,4
2933,2
2934,3
2935,3
2936,4
2937,3
2938,3
2939,4
2940,5
2941,4
2942,5
2943,5
2944,5
2945,5
2946,5
2947,5
2948,5
2949,4
2950,4
2951,4
2952,4
2953,4
2954,3
2955,3
2956,4
2957,3
2958,3
2959,3
2960,3
2961,4
2962,4
2963,4
2964,5
2965,4
2966,5
2967,5
2968,5
2969,5
2970,6
2971,5
2972,4
2973,4
2974,5
2975,3
2976,3
2977,5
2978,4
2979,4
2980,3
2981,4
2982,4
2983,3
2984,4
2985,5
2986,5
2987,6
2988,5
2989,5
2990,5
2991,5
2992,5
2993,5
2994,6
2995,6
2996,4
2997,4
2998,5
2999,4
3000,5
3001,3
3002,4
3003,2
3004,2
3005,3
3006,5
3007,4
3008,4
3009,3
3010,4
3011,4
3012,4
3013,4
3014,4
3015,4
3016,4
3017,4
3018,4
3019,5
3020,4
3021,5
3022,5
3023,5
3024,6
3025,6
3026,6
3027,5
3028,4
3029,3
3030,3
3031,3
3032,5
3033,5
3034,7
3035,6
3036,6
3037,6
3038,6
3039,4
3040,4
3041,4
3042,5
3043,5
3044,5
3045,6
3046,6
3047,6
3048,6
3049,4
3050,6
3051,4
3052,4
3053,4
3054,5
3055,5
3056,4
3057,4
3058,5
3059,6
3060,7
3061,6
3062,5
3063,5
3064,4
3065,4
3066,4
3067,4
3068,5
3069,5
3070,5
3071,6
3072,6
3073,6
3074,6
3075,6
3076,6
3077,5
3078,5
3079,6
3080,5
3081,7
3082,3
3083,4
3084,3
3085,5
3086,5
3087,5
3088,4
3089,3
3090,4
3091,3
3092,6
3093,5
3094,4
3095,5
3096,5
3097,6
3098,5
3099,6
3100,6
3101,6
3102,6
3103,7
3104,6
3105,7
3106,6
3107,5
3108,6
3109,6
3110,6
3111,6
3112,6
3113,5
3114,4
3115,6
3116,4
3117,4
3118,4
3119,4
3120,4
3121,4
3122,4
3123,5
3124,5
3125,5
3126,6
3127,6
3128,5
3129,5
3130,5
3131,4
3132,5
3133,4
3134,4
3135,3
3136,3
3137,2
3138,2
3139,2
3140,2
3141,2
3142,2
3143,2
3144,2
3145,2
3146,2
3147,2
3148,2
3149,3
3150,2
3151,3
3152,3
3153,3
3154,5
3155,5
3156,5
3157,6
3158,6
3159,5
3160,6
3161,5
3162,4
3163,3
3164,2
3165,2
3166,2
3167,2
3168,3
3169,2
3170,3
3171,2
3172,3
3173,3
3174,5
3175,4
3176,4
3177,4
3178,4
3179,5
3180,5
3181,5
3182,6
3183,6
3184,6
3185,6
3186,6
3187,5
3188,5
3189,5
3190,3
3191,3
3192,3
3193,3
3194,2
3195,2
3196,1
3197,2
3198,2
3199,4
3200,4
3201,4
3202,4
3203,6
3204,5
3205,5
3206,6
3207,6
3208,6
3209,6
3210,6
3211,6
3212,5
3213,6
3214,6
3215,6
3216,5
3217,3
3218,4
3219,4
3220,5
3221,4
3222,4
3223,5
3224,5
3225,5
3226,4
3227,4
3228,4
3229,4
3230,5
3231,6
3232,6
3233,6
3234,6
3235,6
3236,6
3237,6
3238,6
3239,6
3240,6
3241,6
3242,6
3243,6
3244,5
3245,3
3246,5
3247,4
3248,4
3249,3
3250,2
3251,1
3252,3
3253,3
3254,4
3255,4
3256,4
3257,5
3258,6
3259,6
3260,6
3261,6
3262,6
3263,6
3264,6
3265,6
3266,6
3267,6
3268,6
3269,5
3270,4
3271,3
3272,4
3273,5
3274,5
3275,4
3276,2
3277,4
3278,3
3279,4
3280,4
3281,3
3282,4
3283,3
3284,3
3285,4
3286,3
3287,4
3288,3
3289,5
3290,4
3291,5
3292,6
3293,5
3294,4
3295,5
3296,3
3297,4
3298,3
3299,3
3300,4
3301,4
3302,4
3303,4
3304,4
3305,4
3306,4
3307,4
3308,3
3309,5
3310,4
3311,4
3312,5
3313,5
3314,5
3315,5
3316,5
3317,6
3318,5
3319,6
3320,7
3321,5
3322,5
3323,5
3324,5
3325,5
3326,6
3327,5
3328,5
3329,4
3330,2
3331,2
3332,5
3333,4
3334,5
3335,3
3336,4
3337,5
3338,5
3339,5
3340,4
3341,3
3342,3
3343,3
3344,4
3345,5
3346,4
3347,4
3348,5
3349,5
3350,5
3351,4
3352,4
3353,3
3354,3
3355,3
3356,3
3357,3
3358,2
3359,3
3360,3
3361,3
3362,3
3363,4
3364,3
3365,3
3366,4
3367,4
3368,4
3369,4
3370,4
3371,4
3372,4
3373,4
3374,4
3375,4
3376,3
3377,3
3378,3
3379,3
3380,2
3381,3
3382,1
3383,3
3384,2
3385,2
3386,2
3387,2
3388,3
3389,3
3390,3
3391,4
3392,4
3393,5
3394,5
3395,5
3396,4
3397,5
3398,5
3399,5
3400,5
3401,5
3402,5
3403,5
3404,5
3405,5
3406,5
3407,6
3408,5
3409,4
3410,4
3411,4
3412,5
3413,5
3414,5
3415,5
3416,4
3417,3
3418,5
3419,4
3420,4
3421,6
3422,6
3423,5
3424,5
3425,5
3426,6
3427,6
3428,5
3429,5
3430,5
3431,5
3432,4
3433,5
3434,5
3435,4
3436,4
3437,3
3438,3
3439,3
3440,4
3441,3
3442,3
3443,4
3444,4
3445,4
3446,4
3447,3
3448,4
3449,3
3450,3
3451,4
3452,3
3453,4
3454,4
3455,4
3456,4
3457,4
3458,4
3459,6
3460,4
3461,5
3462,4
3463,4
3464,4
3465,4
3466,5
3467,4
3468,4
3469,5
3470,4
3471,5
3472,4
3473,5
3474,4
3475,5
3476,5
3477,5
3478,6
3479,5
3480,5
3481,6
3482,5
3483,5
3484,5
3485,5
3486,6
3487,5
3488,5
3489,5
3490,3
3491,5
3492,5
3493,5
3494,4
3495,4
3496,4
3497,3
3498,3
3499,4
3500,2
3501,3
3502,2
3503,3
3504,3
3505,4
3506,3
3507,5
3508,5
3509,5
3510,5
3511,5
3512,4
3513,3
3514,4
3515,4
3516,4
3517,4
3518,4
3519,4
3520,4
3521,5
3522,4
3523,4
3524,2
3525,3
3526,1
3527,1
3528,1
3529,3
3530,1
3531,2
3532,3
3533,2
3534,2
3535,2
3536,2
3537,3
3538,3
3539,3
3540,3
3541,4
3542,4
3543,5
3544,5
3545,6
3546,5
3547,5
3548,5
3549,6
3550,5
3551,5
3552,4
3553,4
3554,3
3555,4
3556,4
3557,4
3558,4
3559,5
3560,5
3561,4
3562,3
3563,3
3564,3
3565,6
3566,5
3567,5
3568,6
3569,6
3570,6
3571,6
3572,6
3573,6
3574,6
3575,7
3576,6
3577,6
3578,7
3579,5
3580,6
3581,6
3582,4
3583,3
3584,2
3585,2
3586,3
3587,3
3588,2
3589,3
3590,4
3591,4
3592,4
3593,4
3594,5
3595,5
3596,5
3597,5
3598,5
3599,6
3600,6
3601,6
3602,6
3603,5
3604,5
3605,4
3606,4
3607,4
3608,3
3609,4
3610,4
3611,4
3612,3
3613,3
3614,4
3615,3
3616,4
3617,4
3618,4
3619,3
3620,4
3621,5
3622,5
3623,6
3624,6
3625,6
3626,5
3627,5
3628,5
3629,5
3630,5
3631,5
3632,5
3633,6
3634,6
3635,4
3636,4
3637,5
3638,5
3639,4
3640,4
3641,4
3642,4
3643,5
3644,5
3645,4
3646,5
3647,6
3648,6
3649,6
3650,6
3651,6
3652,6
3653,6
3654,6
3655,6
3656,6
3657,5
3658,5
3659,5
3660,4
3661,5
3662,5
3663,4
3664,5
3665,5
3666,5
3667,4
3668,5
3669,5
3670,3
3671,6
3672,5
3673,5
3674,7
3675,6
3676,6
3677,6
3678,5
3679,5
3680,6
3681,5
3682,5
3683,5
3684,5
3685,5
3686,5
3687,5
3688,6
3689,5
3690,2
3691,4
3692,3
3693,2
3694,3
3695,3
3696,4
3697,5
3698,5
3699,7
3700,7
3701,7
3702,5
3703,5
3704,6
3705,5
3706,5
3707,5
3708,5
3709,5
3710,5
3711,5
3712,4
3713,5
3714,6
3715,4
3716,4
3717,4
3718,3
3719,2
3720,4
3721,4
3722,4
3723,4
3724,4
3725,5
3726,5
3727,6
3728,6
3729,6
3730,6
3731,5
3732,4
3733,5
3734,5
3735,6
3736,5
3737,5
3738,5
3739,5
3740,5
3741,5
3742,5
3743,4
3744,2
3745,2
3746,2
3747,3
3748,2
3749,3
3750,3
3751,3
3752,3
3753,3
3754,4
3755,3
3756,5
3757,5
3758,6
3759,5
3760,5
3761,6
3762,5
3763,6
3764,5
3765,5
3766,5
3767,5
3768,5
3769,6
3770,4
3771,2
3772,2
3773,3
3774,3
3775,5
3776,3
3777,3
3778,3
3779,3
3780,3
3781,3
3782,3
3783,3
3784,4
3785,4
3786,4
3787,5
3788,5
3789,5
3790,5
3791,6
3792,6
3793,6
3794,6
3795,7
3796,6
3797,4
3798,5
3799,5
3800,5
3801,4
3802,4
3803,3
3804,3
3805,3
3806,3
3807,3
3808,3
3809,3
3810,2
3811,4
3812,4
3813,4
3814,5
3815,5
3816,6
3817,6
3818,6
3819,6
3820,6
3821,6
3822,4
3823,3
3824,3
3825,3
3826,3
3827,3
3828,3
3829,3
3830,4
3831,4
3832,4
3833,3
3834,3
3835,3
3836,3
3837,2
3838,4
3839,4
3840,3
3841,3
3842,3
3843,4
3844,5
3845,5
3846,5
3847,4
3848,4
3849,4
3850,4
3851,4
3852,3
3853,3
3854,5
3855,4
3856,3
3857,2
3858,2
3859,2
3860,2
3861,3
3862,3
3863,4
3864,3
3865,4
3866,4
3867,4
3868,4
3869,4
3870,3
3871,3
3872,4
3873,4
3874,4
3875,4
3876,4
3877,4
3878,4
3879,4
3880,4
3881,2
3882,2
3883,2
3884,2
3885,2
3886,1
3887,2
3888,2
3889,3
3890,3
3891,2
3892,2
3893,3
3894,2
3895,3
3896,3
3897,3
3898,4
3899,4
3900,4
3901,4
3902,4
3903,4
3904,5
3905,5
3906,4
3907,3
3908,3
3909,3
3910,2
3911,3
3912,3
3913,3
3914,2
3915,2
3916,3
3917,3
3918,3
3919,4
3920,5
3921,5
3922,4
3923,4
3924,4
3925,5
3926,6
3927,5
3928,4
3929,5
3930,5
3931,5
3932,5
3933,5
3934,5
3935,4
3936,3
3937,5
3938,6
3939,5
3940,6
3941,7
3942,7
3943,5
3944,5
3945,6
3946,5
3947,5
3948,5
3949,5
3950,5
3951,5
3952,5
3953,4
3954,5
3955,5
3956,5
3957,5
3958,5
3959,5
3960,6
3961,5
3962,6
3963,5
3964,3
3965,4
3966,3
3967,3
3968,4
3969,4
3970,4
3971,3
3972,3
3973,4
3974,5
3975,3
3976,4
3977,4
3978,4
3979,5
3980,5
3981,5
3982,5
3983,6
3984,6
3985,7
3986,6
3987,6
3988,6
3989,6
3990,5
3991,6
3992,7
3993,6
3994,5
3995,5
3996,4
3997,4
3998,3
3999,3
4000,3
4001,4
4002,3
4003,4
4004,5
4005,5
4006,5
4007,5
4008,5
4009,4
4010,4
4011,5
4012,4
4013,5
4014,6
4015,6
4016,5
4017,6
4018,6
4019,6
4020,4
4021,6
4022,6
4023,4
4024,5
4025,5
4026,5
4027,4
4028,3
4029,3
4030,3
4031,4
4032,4
4033,4
4034,4
4035,3
4036,2
4037,3
4038,3
4039,3
4040,3
4041,3
4042,3
4043,3
4044,5
4045,5
4046,5
4047,5
4048,5
4049,6
4050,6
4051,6
4052,6
4053,6
4054,6
4055,6
4056,5
4057,5
4058,6
4059,5
4060,5
4061,4
4062,3
4063,3
4064,3
4065,2
4066,3
4067,3
4068,2
4069,3
4070,4
4071,3
4072,5
4073,5
4074,5
4075,6
4076,5
4077,5
4078,5
4079,5
4080,5
4081,6
4082,6
4083,6
4084,6
4085,6
4086,6
4087,3
4088,3
4089,3
4090,3
4091,3
4092,2
4093,2
4094,3
4095,2
4096,2
4097,3
4098,3
4099,3
4100,5
4101,5
4102,5
4103,5
4104,5
4105,5
4106,5
4107,5
4108,5
4109,6
4110,6
4111,5
4112,6
4113,6
4114,6
4115,4
4116,4
4117,2
4118,4
4119,3
4120,4
4121,5
4122,5
4123,5
4124,6
4125,5
4126,5
4127,5
4128,5
4129,5
4130,5
4131,6
4132,5
4133,5
4134,5
4135,5
4136,6
4137,5
4138,5
4139,5
4140,4
4141,4
4142,5
4143,5
4144,3
4145,3
4146,4
4147,3
4148,3
4149,3
4150,3
4151,3
4152,3
4153,3
4154,5
4155,5
4156,5
4157,6
4158,6
4159,6
4160,6
4161,6
4162,6
4163,4
4164,4
4165,4
4166,4
4167,4
4168,5
4169,4
4170,4
4171,4
4172,3
4173,4
4174,2
4175,2
4176,1
4177,3
4178,4
4179,4
4180,4
4181,5
4182,5
4183,5
4184,6
4185,6
4186,7
4187,6
4188,5
4189,6
4190,4
4191,5
4192,3
4193,3
4194,4
4195,5
4196,5
4197,4
4198,5
4199,2
4200,2
4201,2
4202,2
4203,2
4204,2
4205,3
4206,4
4207,4
4208,4
4209,4
4210,4
4211,4
4212,4
4213,3
4214,4
4215,4
4216,4
4217,4
4218,4
4219,4
4220,4
4221,4
4222,4
4223,4
4224,3
4225,3
4226,3
4227,0
4228,1
4229,1
4230,1
4231,2
4232,3
4233,4
4234,4
4235,4
4236,4
4237,4
4238,4
4239,4
4240,4
4241,5
4242,5
4243,4
4244,4
4245,5
4246,4
4247,6
4248,5
4249,7
4250,5
4251,5
4252,4
4253,4
4254,3
4255,5
4256,5
4257,4
4258,4
4259,4
4260,5
4261,5
4262,5
4263,5
4264,5
4265,5
4266,5
4267,5
4268,4
4269,6
4270,5
4271,5
4272,5
4273,4
4274,6
4275,5
4276,5
4277,5
4278,5
4279,5
4280,4
4281,4
4282,3
4283,3
4284,3
4285,5
4286,3
4287,4
4288,4
4289,4
4290,4
4291,5
4292,5
4293,6
4294,5
4295,5
4296,4
4297,4
4298,4
4299,3
4300,3
4301,3
4302,3
4303,3
4304,3
4305,3
4306,3
4307,3
4308,3
4309,3
4310,3
4311,3
4312,3
4313,2
4314,4
4315,3
4316,3
4317,3
4318,2
4319,3
4320,5
4321,5
4322,6
4323,6
4324,6
4325,7
4326,6
4327,6
4328,6
4329,6
4330,4
4331,5
4332,5
4333,4
4334,5
4335,5
4336,5
4337,6
4338,6
4339,5
4340,6
4341,5
4342,5
4343,4
4344,4
4345,4
4346,4
4347,3
4348,4
4349,5
4350,3
4351,4
4352,5
4353,5
4354,4
4355,5
4356,5
4357,7
4358,6
4359,7
4360,6
4361,6
4362,7
4363,6
4364,6
4365,6
4366,6
4367,6
4368,6
4369,5
4370,4
4371,7
4372,5
4373,6
4374,5
4375,4
4376,3
4377,3
4378,3
4379,3
4380,4
4381,5
4382,4
4383,6
4384,4
4385,4
4386,4
4387,4
4388,4
4389,4
4390,3
4391,4
4392,4
4393,5
4394,5
4395,5
4396,5
4397,5
4398,5
4399,4
4400,4
4401,5
4402,5
4403,5
4404,5
4405,3
4406,3
4407,3
4408,3
4409,3
4410,3
4411,3
4412,4
4413,4
4414,5
4415,4
4416,5
4417,6
4418,5
4419,4
4420,3
4421,6
4422,5
4423,5
4424,5
4425,6
4426,6
4427,5
4428,5
4429,5
4430,5
4431,5
4432,5
4433,6
4434,5
4435,5
4436,5
4437,5
4438,3
4439,5
4440,3
4441,5
4442,4
4443,3
4444,4
4445,4
4446,5
4447,5
4448,5
4449,5
4450,6
4451,6
4452,6
4453,5
4454,6
4455,7
4456,6
4457,6
4458,6
4459,5
4460,5
4461,5
4462,5
4463,3
4464,3
4465,4
4466,3
4467,3
4468,3
4469,3
4470,2
4471,4
4472,4
4473,4
4474,4
4475,3
4476,4
4477,5
4478,4
4479,6
4480,5
4481,6
4482,6
4483,6
4484,6
4485,5
4486,5
4487,6
4488,6
4489,6
4490,6
4491,6
4492,5
4493,5
4494,5
4495,5
4496,3
4497,4
4498,2
4499,1
4500,2
4501,2
4502,3
4503,3
4504,3
4505,4
4506,4
4507,4
4508,5
4509,4
4510,5
4511,3
4512,6
4513,5
4514,5
4515,5
4516,5
4517,6
4518,6
4519,4
4520,5
4521,5
4522,4
4523,5
4524,5
4525,5
4526,4
4527,5
4528,4
4529,4
4530,6
4531,4
4532,4
4533,4
4534,4
4535,4
4536,4
4537,3
4538,3
4539,3
4540,4
4541,4
4542,5
4543,5
4544,5
4545,5
4546,5
4547,4
4548,4
4549,3
4550,4
4551,4
4552,4
4553,3
4554,3
4555,4
4556,5
4557,5
4558,6
4559,6
4560,6
4561,5
4562,4
4563,4
4564,4
4565,3
4566,4
4567,4
4568,4
4569,4
4570,5
4571,5
4572,5
4573,5
4574,4
4575,4
4576,4
4577,4
4578,3
4579,2
4580,3
4581,3
4582,3
4583,4
4584,4
4585,4
4586,5
4587,5
4588,5
4589,5
4590,5
4591,5
4592,5
4593,5
4594,5
4595,4
4596,4
4597,4
4598,5
4599,5
4600,5
4601,5
4602,5
4603,5
4604,3
4605,4
4606,3
4607,4
4608,4
4609,4
4610,4
4611,5
4612,4
4613,5
4614,5
4615,5
4616,5
4617,4
4618,5
4619,5
4620,6
4621,5
4622,6
4623,6
4624,5
4625,5
4626,6
4627,6
4628,5
4629,5
4630,4
4631,5
4632,3
4633,3
4634,3
4635,3
4636,3
4637,4
4638,5
4639,6
4640,6
4641,5
4642,6
4643,6
4644,6
4645,6
4646,6
4647,6
4648,6
4649,6
4650,6
4651,6
4652,5
4653,5
4654,5
4655,4
4656,3
4657,4
4658,4
4659,3
4660,3
4661,3
4662,4
4663,4
4664,5
4665,6
4666,5
4667,5
4668,6
4669,6
4670,6
4671,6
4672,6
4673,6
4674,6
4675,6
4676,6
4677,4
4678,5
4679,5
4680,6
4681,6
4682,4
4683,6
4684,4
4685,4
4686,4
4687,4
4688,4
4689,3
4690,4
4691,4
4692,4
4693,4
4694,5
4695,5
4696,6
4697,6
4698,6
4699,6
4700,6
4701,5
4702,5
4703,5
4704,3
4705,6
4706,3
4707,4
4708,3
4709,3
4710,3
4711,3
4712,3
4713,3
4714,4
4715,4
4716,4
4717,4
4718,4
4719,4
4720,4
4721,4
4722,5
4723,5
4724,5
4725,5
4726,4
4727,4
4728,4
4729,5
4730,4
4731,6
4732,3
4733,3
4734,1
4735,3
4736,3
4737,4
4738,3
4739,3
4740,4
4741,3
4742,4
4743,4
4744,5
4745,4
4746,5
4747,4
4748,5
4749,5
4750,6
4751,5
4752,5
4753,4
4754,4
4755,3
4756,3
4757,3
4758,3
4759,4
4760,3
4761,3
4762,4
4763,4
4764,4
4765,3
4766,3
4767,3
4768,3
4769,3
4770,5
4771,6
4772,5
4773,5
4774,4
4775,5
4776,5
4777,4
4778,5
4779,3
4780,2
4781,3
4782,3
4783,3
4784,3
4785,4
4786,4
4787,4
4788,5
4789,5
4790,4
4791,4
4792,4
4793,4
4794,4
4795,4
4796,4
4797,3
4798,5
4799,4
4800,2
4801,2
4802,2
4803,3
4804,2
4805,3
4806,2
4807,2
4808,3
4809,3
4810,3
4811,3
4812,4
4813,5
4814,5
4815,5
4816,4
4817,4
4818,4
4819,4
4820,4
4821,4
4822,4
4823,4
4824,5
4825,5
4826,5
4827,5
4828,5
4829,5
4830,5
4831,4
4832,3
4833,3
4834,2
4835,3
4836,5
4837,3
4838,5
4839,5
4840,5
4841,5
4842,5
4843,5
4844,6
4845,5
4846,4
4847,5
4848,5
4849,5
4850,6
4851,6
4852,6
4853,6
4854,6
4855,5
4856,4
4857,6
4858,5
4859,6
4860,5
4861,5
4862,4
4863,4
4864,3
4865,6
4866,5
4867,4
4868,4
4869,4
4870,5
4871,5
4872,5
4873,6
4874,5
4875,5
4876,5
4877,5
4878,5
4879,5
4880,5
4881,5
4882,5
4883,5
4884,4
4885,6
4886,5
4887,4
4888,4
4889,5
4890,4
4891,5
4892,5
4893,6
4894,7
4895,6
4896,5
4897,5
4898,5
4899,5
4900,4
4901,5
4902,5
4903,5
4904,4
4905,4
4906,4
4907,4
4908,4
4909,4
4910,4
4911,4
4912,3
4913,4
4914,4
4915,6
4916,6
4917,7
4918,6
4919,5
4920,5
4921,5
4922,5
4923,5
4924,5
4925,4
4926,4
4927,4
4928,4
4929,4
4930,4
4931,4
4932,4
4933,4
4934,4
4935,5
4936,3
4937,2
4938,1
4939,1
4940,2
4941,3
4942,4
4943,4
4944,5
4945,5
4946,5
4947,5
4948,5
4949,5
4950,5
4951,5
4952,5
4953,5
4954,5
4955,5
4956,4
4957,4
4958,3
4959,3
4960,3
4961,2
4962,3
4963,2
4964,2
4965,4
4966,4
4967,4
4968,3
4969,6
4970,5
4971,5
4972,5
4973,5
4974,5
4975,4
4976,4
4977,4
4978,4
4979,4
4980,4
4981,3
4982,4
4983,4
4984,3
4985,3
4986,3
4987,3
4988,2
4989,4
4990,4
4991,3
4992,5
4993,6
4994,5
4995,5
4996,5
4997,5
4998,6
4999,6
5000,6
5001,6
5002,6
5003,6
5004,6
5005,6
5006,5
5007,5
5008,5
5009,5
5010,5
5011,2
5012,2
5013,3
5014,5
5015,4
5016,4
5017,4
5018,5
5019,5
5020,5
5021,5
5022,5
5023,5
5024,5
5025,5
5026,5
5027,5
5028,5
5029,5
5030,6
5031,4
5032,3
5033,4
5034,4
5035,5
5036,5
5037,5
5038,5
5039,5
5040,5
5041,5
5042,5
5043,5
5044,5
5045,6
5046,6
5047,6
5048,6
5049,6
5050,6
5051,5
5052,5
5053,5
5054,4
5055,6
5056,5
5057,5
5058,5
5059,5
5060,4
5061,4
5062,4
5063,3
5064,4
5065,4
5066,4
5067,3
5068,3
5069,4
5070,6
5071,6
5072,5
5073,6
5074,6
5075,6
5076,6
5077,5
5078,6
5079,4
5080,5
5081,6
5082,6
5083,6
5084,5
5085,5
5086,5
5087,4
5088,6
5089,5
5090,4
5091,5
5092,4
5093,4
5094,4
5095,4
5096,4
5097,4
5098,4
5099,5
5100,5
5101,5
5102,5
5103,5
5104,5
5105,4
5106,4
5107,4
5108,4
5109,4
5110,3
5111,3
5112,3
5113,4
5114,4
5115,4
5116,5
5117,4
5118,3
5119,5
5120,4
5121,4
5122,4
5123,4
5124,5
5125,6
5126,4
5127,4
5128,5
5129,5
5130,5
5131,4
5132,3
5133,5
5134,3
5135,4
5136,3
5137,4
5138,3
5139,4
5140,5
5141,5
5142,6
5143,5
5144,5
5145,5
5146,5
5147,4
5148,4
5149,3
5150,5
5151,4
5152,5
5153,5
5154,5
5155,5
5156,5
5157,5
5158,5
5159,4
5160,6
5161,5
5162,6
5163,5
5164,4
5165,5
5166,3
5167,4
5168,5
5169,5
5170,5
5171,4
5172,4
5173,4
5174,4
5175,4
5176,5
5177,5
5178,5
5179,5
5180,4
5181,4
5182,2
5183,4
5184,2
5185,3
5186,3
5187,3
5188,3
5189,5
5190,6
5191,6
5192,6
5193,5
5194,6
5195,6
5196,5
5197,5
5198,6
5199,6
5200,6
5201,5
5202,5
5203,5
5204,6
5205,6
5206,5
5207,3
5208,3
5209,3
5210,3
5211,3
5212,3
5213,3
5214,4
5215,4
5216,6
5217,5
5218,5
5219,5
5220,5
5221,5
5222,5
5223,5
5224,4
5225,4
5226,5
5227,6
5228,6
5229,5
5230,5
5231,3
5232,3
5233,3
5234,3
5235,3
5236,3
5237,3
5238,4
5239,4
5240,3
5241,4
5242,4
5243,4
5244,4
5245,4
5246,3
5247,4
5248,3
5249,3
5250,5
5251,5
5252,5
5253,5
5254,6
5255,6
5256,6
5257,3
5258,4
5259,5
5260,6
5261,4
5262,5
5263,5
5264,5
5265,6
5266,6
5267,6
5268,6
5269,6
5270,6
5271,6
5272,5
5273,4
5274,4
5275,4
5276,5
5277,4
5278,4
5279,4
5280,5
5281,5
5282,5
5283,5
5284,3
5285,3
5286,2
5287,2
5288,2
5289,3
5290,4
5291,5
5292,3
5293,4
5294,6
5295,6
5296,6
5297,5
5298,5
5299,5
5300,4
5301,4
5302,5
5303,4
5304,4
5305,4
5306,4
5307,3
5308,4
5309,4
5310,4
5311,3
5312,4
5313,1
5314,1
5315,2
5316,3
5317,3
5318,5
5319,4
5320,5
5321,4
5322,5
5323,5
5324,5
5325,5
5326,5
5327,4
5328,4
5329,4
5330,4
5331,3
5332,3
5333,3
5334,3
5335,5
5336,5
5337,3
5338,5
5339,5
5340,3
5341,3
5342,3
5343,4
5344,3
5345,3
5346,3
5347,3
5348,5
5349,5
5350,5
5351,5
5352,5
5353,5
5354,5
5355,4
5356,4
5357,5
5358,4
5359,4
5360,4
5361,5
5362,4
5363,4
5364,3
5365,3
5366,2
5367,3
5368,2
5369,3
5370,3
5371,4
5372,5
5373,4
5374,4
5375,6
5376,5
5377,4
5378,5
5379,5
5380,5
5381,5
5382,5
5383,5
5384,4
5385,5
5386,5
5387,3
5388,3
5389,3
5390,3
5391,4
5392,4
5393,4
5394,2
5395,2
5396,3
5397,3
5398,3
5399,3
5400,3
5401,2
5402,2
5403,2
5404,4
5405,5
5406,3
5407,3
5408,3
5409,3
5410,3
5411,3
5412,3
5413,4
5414,4
5415,3
5416,3
5417,3
5418,3
5419,2
5420,3
5421,3
5422,3
5423,4
5424,4
5425,4
5426,4
5427,4
5428,4
5429,3
5430,3
5431,3
5432,3
5433,3
5434,4
5435,3
5436,3
5437,3
5438,3
5439,3
5440,4
5441,5
5442,5
5443,3
5444,4
5445,5
5446,5
5447,5
5448,4
5449,4
5450,4
5451,4
5452,4
5453,4
5454,4
5455,4
5456,4
5457,4
5458,3
5459,3
5460,3
5461,3
5462,3
5463,3
5464,3
5465,4
5466,3
5467,4
5468,3
5469,4
5470,4
5471,4
5472,4
5473,4
5474,5
5475,4
5476,4
5477,5
5478,5
5479,6
5480,6
5481,6
5482,6
5483,5
5484,5
5485,6
5486,5
5487,5
5488,4
5489,4
5490,5
5491,4
5492,4
5493,4
5494,2
5495,3
5496,2
5497,3
5498,3
5499,3
5500,2
5501,4
5502,3
5503,3
5504,4
5505,3
5506,4
5507,4
5508,4
5509,4
5510,4
5511,4
5512,4
5513,4
5514,4
5515,4
5516,4
5517,3
5518,3
5519,3
5520,3
5521,2
5522,4
5523,2
5524,2
5525,2
5526,4
5527,4
5528,4
5529,4
5530,4
5531,4
5532,4
5533,4
5534,4
5535,5
5536,4
5537,3
5538,4
5539,3
5540,2
5541,4
5542,4
5543,5
5544,4
5545,4
5546,4
5547,4
5548,4
5549,3
5550,4
5551,3
5552,4
5553,5
5554,6
5555,5
5556,5
5557,5
5558,4
5559,4
5560,4
5561,4
5562,4
5563,4
5564,4
5565,4
5566,4
5567,3
5568,4
5569,4
5570,4
5571,4
5572,4
5573,4
5574,4
5575,4
5576,5
5577,5
5578,4
5579,4
5580,4
5581,5
5582,6
5583,5
5584,6
5585,5
5586,5
5587,6
5588,5
5589,5
5590,5
5591,4
5592,4
5593,4
5594,4
5595,2
5596,2
5597,2
5598,3
5599,4
5600,5
5601,6
5602,5
5603,5
5604,5
5605,4
5606,3
5607,6
5608,5
5609,5
5610,6
5611,6
5612,6
5613,6
5614,5
5615,5
5616,5
5617,4
5618,2
5619,2
5620,2
5621,2
5622,3
5623,3
5624,3
5625,2
5626,2
5627,3
5628,2
5629,3
5630,2
5631,3
5632,2
5633,2
5634,4
5635,4
5636,4
5637,3
5638,3
5639,3
5640,3
5641,4
5642,3
5643,4
5644,4
5645,3
5646,3
5647,2
5648,4
5649,4
5650,3
5651,3
5652,4
5653,4
5654,4
5655,4
5656,3
5657,3
5658,3
5659,4
5660,4
5661,4
5662,5
5663,3
5664,4
5665,5
5666,5
5667,5
5668,5
5669,5
5670,5
5671,6
5672,6
5673,6
5674,6
5675,5
5676,5
5677,4
5678,4
5679,4
5680,3
5681,3
5682,2
5683,2
5684,2
5685,2
5686,3
5687,6
5688,6
5689,4
5690,4
5691,4
5692,4
5693,5
5694,4
5695,6
5696,6
5697,6
5698,6
5699,6
5700,6
5701,5
5702,6
5703,5
5704,4
5705,5
5706,3
5707,2
5708,2
5709,2
5710,2
5711,4
5712,4
5713,4
5714,4
5715,4
5716,5
5717,4
5718,4
5719,4
5720,4
5721,5
5722,5
5723,4
5724,4
5725,4
5726,4
5727,4
5728,4
5729,4
5730,4
5731,4
5732,4
5733,3
5734,3
5735,2
5736,3
5737,4
5738,3
5739,5
5740,5
5741,4
5742,4
5743,4
5744,3
5745,4
5746,5
5747,5
5748,4
5749,5
5750,6
5751,5
5752,5
5753,5
5754,5
5755,5
5756,4
5757,4
5758,5
5759,4
5760,5
5761,5
5762,5
5763,4
5764,5
5765,5
5766,4
5767,4
5768,4
5769,5
5770,5
5771,4
5772,5
5773,3
5774,4
5775,6
5776,5
5777,6
5778,4
5779,5
5780,5
5781,5
5782,5
5783,5
5784,6
5785,6
5786,5
5787,5
5788,5
5789,4
5790,4
5791,4
5792,4
5793,4
5794,4
5795,3
5796,3
5797,3
5798,2
5799,1
5800,0
5801,1
5802,1
5803,1
5804,2
5805,4
5806,2
5807,2
5808,1
5809,4
5810,3
5811,4
5812,3
5813,4
5814,4
5815,4
5816,4
5817,3
5818,3
5819,3
5820,3
5821,3
5822,3
5823,2
5824,3
5825,0
5826,1
5827,0
5828,0
5829,2
5830,2
5831,3
5832,4
5833,4
5834,4
5835,4
5836,4
5837,4
5838,4
5839,4
5840,4
5841,4
5842,3
5843,3
5844,4
5845,4
5846,4
5847,3
5848,3
5849,3
5850,3
5851,3
5852,3
5853,5
5854,5
5855,4
5856,3
5857,2
5858,3
5859,4
5860,5
5861,4
5862,5
5863,4
5864,4
5865,5
5866,5
5867,5
5868,5
5869,5
5870,5
5871,5
5872,6
5873,6
5874,5
5875,5
5876,5
5877,4
5878,3
5879,4
5880,4
5881,6
5882,5
5883,5
5884,5
5885,5
5886,5
5887,6
5888,4
5889,6
5890,6
5891,6
5892,4
5893,5
5894,5
5895,4
5896,3
5897,3
5898,4
5899,4
5900,4
5901,4
5902,4
5903,4
5904,4
5905,4
5906,4
5907,3
5908,3
5909,3
5910,3
5911,3
5912,2
5913,2
5914,2
5915,2
5916,2
5917,3
5918,3
5919,3
5920,3
5921,2
5922,2
5923,2
5924,2
5925,2
5926,2
5927,3
5928,3
5929,3
5930,5
5931,5
5932,5
5933,5
5934,5
5935,5
5936,4
5937,5
5938,5
5939,6
5940,6
5941,6
5942,6
5943,6
5944,5
5945,5
5946,6
5947,3
5948,3
5949,4
5950,4
5951,3
5952,5
5953,5
5954,6
5955,4
5956,6
5957,5
5958,5
5959,5
5960,5
5961,5
5962,5
5963,5
5964,6
5965,6
5966,5
5967,6
5968,6
5969,4
5970,4
5971,3
5972,4
5973,5
5974,4
5975,4
5976,4
5977,5
5978,5
5979,4
5980,4
5981,6
5982,6
5983,5
5984,4
5985,5
5986,5
5987,6
5988,6
5989,6
5990,5
5991,4
5992,4
5993,4
5994,4
5995,5
5996,4
5997,5
5998,5
5999,4
6000,4
6001,4
6002,5
6003,5
6004,6
6005,6
6006,6
6007,5
6008,6
6009,6
6010,6
6011,6
6012,5
6013,6
6014,5
6015,5
6016,4
6017,5
6018,5
6019,5
6020,6
6021,4
6022,4
6023,4
6024,4
6025,4
6026,5
6027,5
6028,6
6029,5
6030,4
6031,4
6032,4
6033,4
6034,4
6035,4
6036,4
6037,4
6038,3
6039,3
6040,4
6041,4
6042,4
6043,4
6044,4
6045,4
6046,5
6047,4
6048,4
6049,5
6050,6
6051,5
6052,7
6053,4
6054,6
6055,5
6056,5
6057,6
6058,6
6059,6
6060,6
6061,5
6062,5
6063,6
6064,6
6065,6
6066,6
6067,6
6068,6
6069,6
6070,5
6071,6
6072,6
6073,6
6074,6
6075,6
6076,5
6077,5
6078,6
6079,6
6080,6
6081,5
6082,6
6083,5
6084,5
6085,6
6086,6
6087,5
6088,5
6089,5
6090,5
6091,5
6092,5
6093,4
6094,6
6095,5
6096,5
6097,5
6098,5
6099,5
6100,5
6101,5
6102,4
6103,4
6104,3
6105,3
6106,3
6107,4
6108,4
6109,3
6110,5
6111,2
6112,3
6113,3
6114,2
6115,3
6116,4
6117,4
6118,4
6119,3
6120,3
6121,3
6122,3
6123,3
6124,2
6125,3
6126,4
6127,4
6128,4
6129,3
6130,2
6131,3
6132,3
6133,7
6134,5
6135,3
6136,6
6137,6
6138,6
6139,5
6140,5
6141,5
6142,6
6143,6
6144,6
6145,5
6146,5
6147,5
6148,5
6149,4
6150,4
6151,4
6152,3
6153,4
6154,3
6155,2
6156,2
6157,3
6158,3
6159,3
6160,2
6161,2
6162,3
6163,4
6164,4
6165,4
6166,4
6167,5
6168,6
6169,5
6170,5
6171,4
6172,4
6173,7
6174,5
6175,6
6176,5
6177,5
6178,5
6179,5
6180,4
6181,3
6182,4
6183,2
6184,3
6185,3
6186,5
6187,5
6188,4
6189,4
6190,4
6191,4
6192,5
6193,5
6194,5
6195,5
6196,2
6197,3
6198,2
6199,3
6200,4
6201,2
6202,4
6203,3
6204,2
6205,3
6206,1
6207,1
6208,1
6209,2
6210,2
6211,2
6212,2
6213,2
6214,2
6215,2
6216,2
6217,3
6218,4
6219,4
6220,4
6221,6
6222,6
6223,6
6224,6
6225,6
6226,6
6227,6
6228,5
6229,5
6230,5
6231,4
6232,4
6233,4
6234,3
6235,3
6236,3
6237,3
6238,3
6239,3
6240,3
6241,4
6242,5
6243,4
6244,5
6245,5
6246,5
6247,5
6248,5
6249,5
6250,5
6251,5
6252,5
6253,5
6254,5
6255,5
6256,5
6257,5
6258,5
6259,5
6260,6
6261,6
6262,4
6263,4
6264,4
6265,3
6266,3
6267,3
6268,4
6269,4
6270,3
6271,3
6272,5
6273,5
6274,4
6275,5
6276,5
6277,6
6278,6
6279,6
6280,6
6281,6
6282,6
6283,6
6284,5
6285,5
6286,5
6287,5
6288,6
6289,5
6290,4
6291,4
6292,5
6293,1
6294,1
6295,2
6296,4
6297,5
6298,4
6299,6
6300,5
6301,6
6302,6
6303,6
6304,6
6305,6
6306,6
6307,6
6308,5
6309,5
6310,6
6311,6
6312,5
6313,6
6314,5
6315,3
6316,4
6317,4
6318,4
6319,4
6320,3
6321,2
6322,3
6323,3
6324,3
6325,3
6326,3
6327,4
6328,5
6329,5
6330,5
6331,5
6332,4
6333,5
6334,5
6335,4
6336,4
6337,6
6338,5
6339,3
6340,3
6341,3
6342,3
6343,2
6344,2
6345,2
6346,2
6347,3
6348,4
6349,2
6350,3
6351,4
6352,5
6353,5
6354,5
6355,5
6356,5
6357,5
6358,4
6359,4
6360,4
6361,5
6362,5
6363,5
6364,5
6365,6
6366,5
6367,6
6368,5
6369,5
6370,4
6371,3
6372,2
6373,2
6374,3
6375,4
6376,4
6377,5
6378,5
6379,5
6380,4
6381,5
6382,5
6383,5
6384,3
6385,4
6386,5
6387,6
6388,6
6389,6
6390,5
6391,5
6392,4
6393,6
6394,6
6395,5
6396,4
6397,4
6398,4
6399,3
6400,3
6401,3
6402,4
6403,5
6404,5
6405,5
6406,4
6407,4
6408,5
6409,4
6410,4
6411,3
6412,3
6413,4
6414,6
6415,6
6416,7
6417,6
6418,6
6419,6
6420,6
6421,6
6422,6
6423,6
6424,6
6425,6
6426,6
6427,6
6428,6
6429,6
6430,6
6431,6
6432,7
6433,5
6434,5
6435,3
6436,2
6437,4
6438,4
6439,5
6440,5
6441,5
6442,4
6443,4
6444,6
6445,5
6446,5
6447,5
6448,5
6449,5
6450,5
6451,5
6452,6
6453,6
6454,7
6455,7
6456,7
6457,7
6458,6
6459,5
6460,5
6461,5
6462,4
6463,4
6464,4
6465,4
6466,4
6467,4
6468,3
6469,4
6470,4
6471,3
6472,2
6473,3
6474,3
6475,3
6476,3
6477,3
6478,4
6479,4
6480,3
6481,4
6482,4
6483,2
6484,3
6485,3
6486,4
6487,3
6488,2
6489,3
6490,2
6491,0
6492,2
6493,3
6494,3
6495,2
6496,3
6497,4
6498,4
6499,4
6500,4
6501,4
6502,4
6503,4
6504,3
6505,3
6506,3
6507,3
6508,3
6509,3
6510,3
6511,4
6512,4
6513,3
6514,3
6515,2
6516,3
6517,2
6518,2
6519,2
6520,3
6521,2
6522,3
6523,3
6524,5
6525,4
6526,4
6527,2
6528,4
6529,3
6530,4
6531,5
6532,5
6533,6
6534,6
6535,6
6536,6
6537,6
6538,6
6539,6
6540,5
6541,6
6542,5
6543,6
6544,5
6545,6
6546,5
6547,5
6548,3
6549,4
6550,4
6551,4
6552,4
6553,4
6554,4
6555,4
6556,4
6557,4
6558,4
6559,5
6560,5
6561,5
6562,5
6563,5
6564,5
6565,4
6566,4
6567,4
6568,4
6569,4
6570,5
6571,4
6572,5
6573,5
6574,4
6575,3
6576,3
6577,5
6578,5
6579,5
6580,6
6581,5
6582,4
6583,4
6584,5
6585,4
6586,3
6587,3
6588,3
6589,1
6590,2
6591,2
6592,2
6593,2
6594,3
6595,2
6596,2
6597,4
6598,4
6599,4
6600,4
6601,5
6602,5
6603,5
6604,5
6605,5
6606,5
6607,5
6608,5
6609,5
6610,5
6611,5
6612,5
6613,5
6614,4
6615,4
6616,4
6617,2
6618,2
6619,2
6620,2
6621,2
6622,3
6623,2
6624,3
6625,3
6626,5
6627,5
6628,5
6629,6
6630,6
6631,6
6632,6
6633,6
6634,6
6635,6
6636,5
6637,5
6638,5
6639,5
6640,5
6641,2
6642,2
6643,3
6644,4
6645,4
6646,3
6647,2
6648,2
6649,3
6650,2
6651,2
6652,2
6653,3
6654,3
6655,4
6656,5
6657,5
6658,5
6659,5
6660,5
6661,5
6662,5
6663,6
6664,5
6665,5
6666,4
6667,4
6668,4
6669,4
6670,3
6671,3
6672,3
6673,5
6674,4
6675,5
6676,5
6677,5
6678,5
6679,5
6680,4
6681,6
6682,5
6683,7
6684,6
6685,6
6686,6
6687,5
6688,5
6689,5
6690,5
6691,5
6692,3
6693,3
6694,3
6695,3
6696,3
6697,2
6698,3
6699,3
6700,3
6701,3
6702,3
6703,3
6704,3
6705,2
6706,2
6707,2
6708,2
6709,5
6710,4
6711,3
6712,3
6713,3
6714,4
6715,4
6716,4
6717,4
6718,5
6719,5
6720,3
6721,3
6722,3
6723,4
6724,4
6725,4
6726,4
6727,4
6728,3
6729,2
6730,3
6731,4
6732,3
6733,4
6734,4
6735,3
6736,4
6737,5
6738,4
6739,5
6740,5
6741,5
6742,5
6743,5
6744,4
6745,4
6746,4
6747,4
6748,5
6749,5
6750,6
6751,6
6752,6
6753,5
6754,4
6755,4
6756,4
6757,4
6758,3
6759,4
6760,5
6761,4
6762,5
6763,5
6764,6
6765,6
6766,5
6767,5
6768,5
6769,3
6770,3
6771,3
6772,3
6773,3
6774,4
6775,3
6776,5
6777,4
6778,4
6779,4
6780,4
6781,4
6782,4
6783,4
6784,4
6785,3
6786,5
6787,4
6788,6
6789,5
6790,4
6791,5
6792,5
6793,6
6794,4
6795,4
6796,4
6797,4
6798,4
6799,4
6800,4
6801,4
6802,4
6803,4
6804,4
6805,4
6806,4
6807,4
6808,3
6809,4
6810,5
6811,3
6812,3
6813,3
6814,4
6815,3
6816,4
6817,3
6818,4
6819,5
6820,5
6821,5
6822,4
6823,4
6824,4
6825,4
6826,4
6827,4
6828,3
6829,2
6830,3
6831,4
6832,4
6833,4
6834,5
6835,5
6836,4
6837,4
6838,4
6839,4
6840,4
6841,4
6842,4
6843,4
6844,5
6845,5
6846,4
6847,5
6848,4
6849,4
6850,4
6851,4
6852,4
6853,4
6854,4
6855,4
6856,5
6857,4
6858,5
6859,4
6860,6
6861,6
6862,6
6863,4
6864,5
6865,5
6866,5
6867,5
6868,5
6869,5
6870,5
6871,6
6872,5
6873,4
6874,4
6875,4
6876,4
6877,4
6878,5
6879,5
6880,5
6881,4
6882,3
6883,3
6884,3
6885,3
6886,5
6887,4
6888,4
6889,5
6890,5
6891,6
6892,6
6893,6
6894,6
6895,2
6896,3
6897,4
6898,4
6899,3
6900,4
6901,4
6902,4
6903,4
6904,4
6905,5
6906,4
6907,4
6908,4
6909,5
6910,6
6911,5
6912,5
6913,4
6914,4
6915,4
6916,4
6917,5
6918,5
6919,5
6920,4
6921,4
6922,4
6923,2
6924,1
6925,2
6926,2
6927,3
6928,4
6929,2
6930,3
6931,4
6932,5
6933,5
6934,6
6935,5
6936,6
6937,6
6938,7
6939,7
6940,7
6941,6
6942,7
6943,6
6944,6
6945,6
6946,6
6947,6
6948,6
6949,6
6950,6
6951,5
6952,3
6953,4
6954,3
6955,3
6956,2
6957,4
6958,5
6959,6
6960,6
6961,5
6962,5
6963,5
6964,5
6965,6
6966,5
6967,5
6968,5
6969,5
6970,5
6971,5
6972,4
6973,4
6974,4
6975,4
6976,4
6977,3
6978,3
6979,2
6980,1
6981,4
6982,2
6983,2
6984,2
6985,3
6986,3
6987,3
6988,3
6989,3
6990,3
6991,4
6992,4
6993,5
6994,5
6995,6
6996,6
6997,6
6998,6
6999,6
7000,5
7001,5
7002,4
7003,4
7004,4
7005,3
7006,2
7007,4
7008,3
7009,5
7010,3
7011,3
7012,3
7013,5
7014,4
7015,5
7016,6
7017,5
7018,5
7019,6
7020,6
7021,7
7022,6
7023,6
7024,6
7025,6
7026,6
7027,6
7028,6
7029,6
7030,4
7031,4
7032,3
7033,4
7034,4
7035,2
7036,3
7037,2
7038,2
7039,3
7040,6
7041,4
7042,5
7043,4
7044,4
7045,5
7046,4
7047,4
7048,4
7049,4
7050,4
7051,4
7052,3
7053,3
7054,2
7055,3
7056,3
7057,3
7058,3
7059,3
7060,4
7061,4
7062,4
7063,4
7064,4
7065,4
7066,4
7067,3
7068,3
7069,3
7070,3
7071,3
7072,4
7073,5
7074,5
7075,5
7076,5
7077,5
7078,4
7079,2
7080,3
7081,4
7082,4
7083,4
7084,4
7085,3
7086,4
7087,5
7088,5
7089,5
7090,4
7091,4
7092,4
7093,5
7094,4
7095,5
7096,4
7097,5
7098,6
7099,5
7100,7
7101,6
7102,6
7103,5
7104,6
7105,5
7106,5
7107,5
7108,4
7109,4
7110,4
7111,4
7112,4
7113,3
7114,4
7115,4
7116,5
7117,5
7118,5
7119,5
7120,5
7121,5
7122,4
7123,4
7124,4
7125,4
7126,4
7127,5
7128,5
7129,5
7130,5
7131,6
7132,4
7133,5
7134,4
7135,4
7136,3
7137,4
7138,4
7139,4
7140,5
7141,5
7142,6
7143,5
7144,6
7145,6
7146,6
7147,3
7148,3
7149,4
7150,5
7151,6
7152,5
7153,6
7154,5
7155,5
7156,5
7157,5
7158,4
7159,5
7160,5
7161,4
7162,5
7163,5
7164,6
7165,5
7166,5
7167,4
7168,4
7169,5
7170,5
7171,5
7172,4
7173,5
7174,5
7175,4
7176,5
7177,5
7178,6
7179,5
7180,6
7181,6
7182,6
7183,6
7184,6
7185,4
7186,4
7187,4
7188,4
7189,4
7190,3
7191,3
7192,3
7193,3
7194,4
7195,3
7196,3
7197,3
7198,3
7199,5
7200,4
7201,4
7202,4
7203,4
7204,4
7205,4
7206,4
7207,4
7208,5
7209,3
7210,4
7211,4
7212,4
7213,2
7214,4
7215,3
7216,3
7217,3
7218,3
7219,4
7220,5
7221,4
7222,5
7223,5
7224,5
7225,5
7226,5
7227,5
7228,5
7229,4
7230,3
7231,3
7232,3
7233,2
7234,3
7235,2
7236,2
7237,2
7238,2
7239,2
7240,2
7241,3
7242,3
7243,3
7244,2
7245,3
7246,3
7247,4
7248,5
7249,5
7250,5
7251,6
7252,6
7253,6
7254,6
7255,6
7256,5
7257,5
7258,5
7259,5
7260,4
7261,4
7262,5
7263,5
7264,5
7265,4
7266,4
7267,4
7268,3
7269,3
7270,4
7271,4
7272,3
7273,4
7274,3
7275,3
7276,4
7277,4
7278,5
7279,5
7280,5
7281,5
7282,6
7283,6
7284,6
7285,6
7286,6
7287,5
7288,5
7289,6
7290,6
7291,4
7292,4
7293,4
7294,4
7295,5
7296,5
7297,4
7298,6
7299,5
7300,5
7301,4
7302,4
7303,4
7304,5
7305,5
7306,4
7307,5
7308,5
7309,3
7310,3
7311,3
7312,3
7313,3
7314,3
7315,3
7316,3
7317,3
7318,5
7319,5
7320,6
7321,5
7322,6
7323,4
7324,5
7325,5
7326,4
7327,4
7328,4
7329,6
7330,5
7331,5
7332,4
7333,4
7334,3
7335,3
7336,4
7337,4
7338,4
7339,3
7340,3
7341,3
7342,3
7343,4
7344,5
7345,6
7346,5
7347,3
7348,4
7349,3
7350,3
7351,3
7352,3
7353,3
7354,4
7355,4
7356,4
7357,4
7358,5
7359,6
7360,5
7361,6
7362,5
7363,5
7364,5
7365,5
7366,5
7367,5
7368,5
7369,4
7370,4
7371,4
7372,4
7373,4
7374,4
7375,5
7376,5
7377,5
7378,7
7379,5
7380,4
7381,5
7382,4
7383,4
7384,4
7385,5
7386,5
7387,5
7388,6
7389,6
7390,6
7391,6
7392,5
7393,5
7394,4
7395,4
7396,4
7397,5
7398,4
7399,4
7400,4
7401,4
7402,5
7403,6
7404,7
7405,6
7406,6
7407,5
7408,5
7409,7
7410,5
7411,5
7412,5
7413,5
7414,5
7415,5
7416,4
7417,4
7418,4
7419,4
7420,4
7421,5
7422,5
7423,4
7424,3
7425,2
7426,2
7427,2
7428,2
7429,3
7430,3
7431,5
7432,5
7433,4
7434,3
7435,4
7436,4
7437,4
7438,4
7439,5
7440,4
7441,5
7442,5
7443,5
7444,6
7445,6
7446,6
7447,5
7448,5
7449,5
7450,5
7451,5
7452,5
7453,4
7454,3
7455,2
7456,4
7457,4
7458,4
7459,4
7460,3
7461,3
7462,3
7463,3
7464,4
7465,4
7466,5
7467,5
7468,5
7469,5
7470,6
7471,6
7472,6
7473,6
7474,5
7475,5
7476,5
7477,5
7478,5
7479,5
7480,4
7481,4
7482,5
7483,6
7484,6
7485,5
7486,4
7487,5
7488,5
7489,4
7490,5
7491,5
7492,5
7493,5
7494,5
7495,5
7496,5
7497,4
7498,4
7499,4
7500,4
7501,4
7502,4
7503,4
7504,4
7505,5
7506,5
7507,4
7508,4
7509,3
7510,3
7511,4
7512,4
7513,5
7514,4
7515,5
7516,5
7517,5
7518,5
7519,6
7520,5
7521,5
7522,6
7523,4
7524,5
7525,5
7526,5
7527,6
7528,5
7529,4
7530,5
7531,3
7532,3
7533,4
7534,5
7535,4
7536,4
7537,4
7538,4
7539,4
7540,3
7541,4
7542,5
7543,4
7544,4
7545,4
7546,5
7547,5
7548,5
7549,5
7550,5
7551,5
7552,5
7553,4
7554,5
7555,4
7556,4
7557,5
7558,5
7559,5
7560,5
7561,6
7562,5
7563,4
7564,4
7565,4
7566,3
7567,4
7568,4
7569,5
7570,4
7571,4
7572,5
7573,4
7574,5
7575,5
7576,5
7577,4
7578,5
7579,5
7580,5
7581,5
7582,5
7583,5
7584,5
7585,5
7586,6
7587,4
7588,6
7589,6
7590,4
7591,4
7592,4
7593,5
7594,5
7595,5
7596,4
7597,5
7598,5
7599,5
7600,5
7601,4
7602,5
7603,4
7604,4
7605,4
7606,4
7607,3
7608,3
7609,4
7610,3
7611,3
7612,3
7613,3
7614,2
7615,2
7616,3
7617,4
7618,4
7619,4
7620,4
7621,4
7622,4
7623,6
7624,6
7625,6
7626,6
7627,6
7628,6
7629,6
7630,6
7631,6
7632,6
7633,5
7634,5
7635,4
7636,5
7637,5
7638,3
7639,2
7640,3
7641,2
7642,3
7643,2
7644,3
7645,3
7646,3
7647,4
7648,5
7649,5
7650,5
7651,5
7652,5
7653,6
7654,5
7655,5
7656,5
7657,5
7658,5
7659,5
7660,4
7661,4
7662,4
7663,5
7664,5
7665,5
7666,4
7667,3
7668,3
7669,5
7670,4
7671,5
7672,5
7673,5
7674,6
7675,6
7676,6
7677,6
7678,6
7679,6
7680,5
7681,6
7682,6
7683,7
7684,5
7685,4
7686,5
7687,4
7688,4
7689,5
7690,2
7691,5
7692,3
7693,4
7694,5
7695,4
7696,3
7697,5
7698,6
7699,5
7700,5
7701,6
7702,6
7703,6
7704,6
7705,6
7706,6
7707,6
7708,5
7709,5
7710,6
7711,4
7712,4
7713,5
7714,6
7715,5
7716,5
7717,5
7718,5
7719,4
7720,5
7721,3
7722,3
7723,2
7724,2
7725,2
7726,2
7727,2
7728,4
7729,5
7730,5
7731,5
7732,5
7733,5
7734,5
7735,5
7736,6
7737,5
7738,4
7739,4
7740,5
7741,5
7742,5
7743,5
7744,5
7745,6
7746,6
7747,4
7748,5
7749,4
7750,4
7751,4
7752,4
7753,4
7754,5
7755,5
7756,5
7757,5
7758,5
7759,5
7760,5
7761,5
7762,6
7763,5
7764,5
7765,5
7766,5
7767,5
7768,6
7769,6
7770,6
7771,6
7772,4
7773,5
7774,5
7775,4
7776,2
7777,2
7778,2
7779,2
7780,2
7781,3
7782,3
7783,3
7784,2
7785,1
7786,3
7787,2
7788,2
7789,2
7790,1
7791,1
7792,1
7793,3
7794,3
7795,3
7796,3
7797,3
7798,5
7799,4
7800,4
7801,4
7802,4
7803,4
7804,4
7805,4
7806,4
7807,4
7808,4
7809,5
7810,4
7811,4
7812,5
7813,5
7814,5
7815,4
7816,4
7817,3
7818,3
7819,3
7820,3
7821,3
7822,3
7823,3
7824,4
7825,4
7826,5
7827,4
7828,4
7829,4
7830,4
7831,5
7832,6
7833,5
7834,5
7835,6
7836,6
7837,6
7838,6
7839,6
7840,5
7841,6
7842,6
7843,5
7844,6
7845,6
7846,5
7847,4
7848,3
7849,3
7850,3
7851,4
7852,4
7853,3
7854,5
7855,4
7856,4
7857,2
7858,3
7859,3
7860,2
7861,3
7862,3
7863,5
7864,5
7865,3
7866,3
7867,3
7868,3
7869,3
7870,3
7871,3
7872,4
7873,5
7874,4
7875,4
7876,4
7877,4
7878,5
7879,5
7880,4
7881,4
7882,5
7883,5
7884,6
7885,6
7886,6
7887,6
7888,6
7889,6
7890,6
7891,6
7892,6
7893,6
7894,5
7895,6
7896,6
7897,6
7898,7
7899,6
7900,6
7901,5
7902,4
7903,4
7904,4
7905,5
7906,6
7907,5
7908,5
7909,6
7910,5
7911,5
7912,5
7913,5
7914,5
7915,5
7916,5
7917,4
7918,3
7919,3
7920,5
7921,4
7922,3
7923,2
7924,3
7925,4
7926,4
7927,4
7928,3
7929,4
7930,3
7931,4
7932,3
7933,4
7934,5
7935,3
7936,5
7937,5
7938,5
7939,5
7940,5
7941,5
7942,5
7943,5
7944,5
7945,5
7946,5
7947,5
7948,5
7949,4
7950,5
7951,5
7952,5
7953,5
7954,6
7955,6
7956,3
7957,4
7958,3
7959,3
7960,5
7961,4
7962,4
7963,4
7964,5
7965,6
7966,6
7967,6
7968,6
7969,6
7970,6
7971,6
7972,5
7973,5
7974,4
7975,4
7976,3
7977,5
7978,4
7979,4
7980,4
7981,5
7982,3
7983,5
7984,5
7985,5
7986,4
7987,4
7988,4
7989,4
7990,4
7991,4
7992,5
7993,5
7994,4
7995,5
7996,4
7997,5
7998,5
7999,3
8000,4
8001,3
8002,3
8003,4
8004,4
8005,4
8006,5
8007,4
8008,4
8009,4
8010,2
8011,4
8012,5
8013,2
8014,3
8015,4
8016,2
8017,4
8018,5
8019,5
8020,5
8021,5
8022,5
8023,6
8024,6
8025,5
8026,5
8027,5
8028,5
8029,5
8030,5
8031,5
8032,5
8033,5
8034,5
8035,5
8036,5
8037,5
8038,4
8039,4
8040,4
8041,5
8042,2
8043,4
8044,3
8045,3
8046,3
8047,3
8048,3
8049,3
8050,3
8051,3
8052,2
8053,2
8054,2
8055,2
8056,3
8057,4
8058,4
8059,6
8060,6
8061,6
8062,6
8063,5
8064,5
8065,5
8066,5
8067,5
8068,6
8069,6
8070,6
8071,6
8072,6
8073,5
8074,5
8075,4
8076,2
8077,1
8078,1
8079,2
8080,2
8081,4
8082,4
8083,5
8084,5
8085,5
8086,5
8087,5
8088,5
8089,6
8090,5
8091,5
8092,5
8093,5
8094,5
8095,5
8096,6
8097,3
8098,4
8099,2
8100,2
8101,3
8102,2
8103,0
8104,0
8105,1
8106,1
8107,2
8108,2
8109,4
8110,3
8111,3
8112,3
8113,3
8114,4
8115,3
8116,5
8117,4
8118,4
8119,5
8120,5
8121,5
8122,5
8123,5
8124,5
8125,5
8126,5
8127,6
8128,6
8129,4
8130,4
8131,3
8132,3
8133,3
8134,4
8135,3
8136,5
8137,4
8138,5
8139,5
8140,5
8141,5
8142,5
8143,5
8144,5
8145,5
8146,6
8147,7
8148,6
8149,6
8150,5
8151,5
8152,5
8153,6
8154,6
8155,5
8156,4
8157,4
8158,4
8159,4
8160,4
8161,3
8162,3
8163,3
8164,4
8165,4
8166,5
8167,6
8168,4
8169,5
8170,6
8171,6
8172,6
8173,6
8174,6
8175,6
8176,6
8177,6
8178,5
8179,5
8180,6
8181,7
8182,6
8183,7
8184,6
8185,6
8186,5
8187,5
8188,2
8189,2
8190,3
8191,4
8192,4
8193,5
8194,5
8195,5
8196,5
8197,6
8198,6
8199,6
8200,6
8201,6
8202,6
8203,6
8204,6
8205,6
8206,4
8207,4
8208,5
8209,6
8210,4
8211,4
8212,4
8213,4
8214,5
8215,4
8216,4
8217,4
8218,4
8219,4
8220,4
8221,4
8222,4
8223,4
8224,4
8225,4
8226,4
8227,4
8228,4
8229,4
8230,5
8231,4
8232,5
8233,4
8234,6
8235,5
8236,6
8237,5
8238,5
8239,5
8240,4
8241,4
8242,4
8243,4
8244,4
8245,3
8246,4
8247,4
8248,6
8249,5
8250,4
8251,5
8252,6
8253,5
8254,4
8255,4
8256,4
8257,3
8258,3
8259,3
8260,4
8261,4
8262,5
8263,6
8264,5
8265,5
8266,6
8267,5
8268,6
8269,6
8270,6
8271,5
8272,5
8273,3
8274,3
8275,4
8276,4
8277,3
8278,4
8279,4
8280,4
8281,4
8282,4
8283,6
8284,4
8285,4
8286,4
8287,4
8288,4
8289,5
8290,5
8291,4
8292,3
8293,3
8294,4
8295,4
8296,4
8297,4
8298,4
8299,4
8300,2
8301,6
8302,6
8303,6
8304,6
8305,6
8306,5
8307,5
8308,5
8309,5
8310,5
8311,5
8312,5
8313,5
8314,4
8315,4
8316,4
8317,5
8318,4
8319,4
8320,4
8321,5
8322,3
8323,3
8324,3
8325,3
8326,3
8327,4
8328,6
8329,6
8330,6
8331,5
8332,5
8333,5
8334,4
8335,4
8336,4
8337,4
8338,3
8339,4
8340,2
8341,5
8342,5
8343,6
8344,5
8345,6
8346,4
8347,5
8348,5
8349,5
8350,5
8351,5
8352,4
8353,5
8354,5
8355,5
8356,6
8357,5
8358,5
8359,5
8360,5
8361,5
8362,4
8363,5
8364,5
8365,5
8366,4
8367,5
8368,4
8369,5
8370,5
8371,5
8372,5
8373,7
8374,4
8375,4
8376,4
8377,6
8378,6
8379,5
8380,6
8381,6
8382,6
8383,6
8384,4
8385,4
8386,7
8387,6
8388,6
8389,5
8390,5
8391,5
8392,5
8393,6
8394,6
8395,6
8396,6
8397,6
8398,4
8399,4
8400,4
8401,5
8402,5
8403,5
8404,5
8405,5
8406,6
8407,5
8408,6
8409,6
8410,4
8411,5
8412,4
8413,4
8414,4
8415,4
8416,4
8417,4
8418,4
8419,4
8420,4
8421,3
8422,4
8423,5
8424,3
8425,4
8426,4
8427,4
8428,3
8429,3
8430,5
8431,5
8432,5
8433,5
8434,5
8435,5
8436,5
8437,5
8438,5
8439,5
8440,5
8441,4
8442,5
8443,4
8444,3
8445,4
8446,5
8447,4
8448,3
8449,2
8450,2
8451,2
8452,3
8453,3
8454,4
8455,3
8456,4
8457,6
8458,7
8459,6
8460,6
8461,6
8462,6
8463,6
8464,6
8465,6
8466,6
8467,5
8468,6
8469,5
8470,5
8471,5
8472,4
8473,4
8474,1
8475,2
8476,1
8477,0
8478,0
8479,1
8480,4
8481,5
8482,5
8483,5
8484,5
8485,5
8486,5
8487,5
8488,5
8489,5
8490,5
8491,5
8492,6
8493,5
8494,5
8495,4
8496,5
8497,4
8498,4
8499,3
8500,2
8501,2
8502,2
8503,2
8504,3
8505,3
8506,3
8507,3
8508,3
8509,4
8510,4
8511,4
8512,3
8513,3
8514,3
8515,5
8516,4
8517,5
8518,3
8519,5
8520,4
8521,5
8522,5
8523,5
8524,2
8525,4
8526,4
8527,3
8528,4
8529,4
8530,5
8531,5
8532,4
8533,3
8534,4
8535,4
8536,4
8537,4
8538,4
8539,5
8540,5
8541,5
8542,5
8543,4
8544,4
8545,4
8546,5
8547,3
8548,3
8549,3
8550,3
8551,3
8552,3
8553,3
8554,3
8555,4
8556,4
8557,4
8558,4
8559,4
8560,5
8561,5
8562,5
8563,4
8564,3
8565,3
8566,3
8567,3
8568,3
8569,3
8570,3
8571,3
8572,4
8573,4
8574,3
8575,3
8576,3
8577,3
8578,3
8579,2
8580,2
8581,2
8582,2
8583,3
8584,4
8585,4
8586,5
8587,5
8588,5
8589,5
8590,5
8591,5
8592,5
8593,5
8594,6
8595,6
8596,5
8597,5
8598,5
8599,5
8600,5
8601,5
8602,5
8603,5
8604,4
8605,4
8606,4
8607,4
8608,4
8609,4
8610,4
8611,4
8612,4
8613,4
8614,5
8615,4
8616,6
8617,6
8618,7
8619,7
8620,7
8621,6
8622,6
8623,5
8624,5
8625,5
8626,4
8627,3
8628,3
8629,4
8630,3
8631,3
8632,2
8633,3
8634,5
8635,3
8636,3
8637,4
8638,4
8639,4
8640,4
8641,5
8642,6
8643,5
8644,5
8645,5
8646,5
8647,5
8648,3
8649,3
8650,4
8651,4
8652,3
8653,3
8654,4
8655,4
8656,4
8657,4
8658,5
8659,3
8660,3
8661,3
8662,3
8663,3
8664,2
8665,4
8666,5
8667,4
8668,6
8669,6
8670,6
8671,5
8672,5
8673,5
8674,5
8675,5
8676,5
8677,5
8678,5
8679,6
8680,5
8681,5
8682,4
8683,5
8684,3
8685,3
8686,2
8687,2
8688,3
8689,4
8690,4
8691,5
8692,4
8693,4
8694,5
8695,5
8696,5
8697,5
8698,6
8699,5
8700,6
8701,6
8702,6
8703,6
8704,5
8705,5
8706,5
8707,5
8708,5
8709,5
8710,6
8711,2
8712,5
8713,7
8714,5
8715,5
8716,4
8717,5
8718,4
8719,5
8720,5
8721,5
8722,5
8723,5
8724,4
8725,4
8726,4
8727,4
8728,4
8729,4
8730,4
8731,4
8732,4
8733,4
8734,4
8735,2
8736,4
8737,3
8738,3
8739,3
8740,4
8741,2
8742,3
8743,3
8744,4
8745,4
8746,4
8747,4
8748,4
8749,4
8750,4
8751,3
8752,5
8753,6
8754,6
8755,6
8756,5
8757,5
8758,5
8759,6
8760,5
8761,4
8762,4
8763,5
8764,3
8765,3
8766,3
8767,3
8768,3
8769,4
8770,5
8771,6
8772,6
8773,6
8774,7
8775,5
8776,5
8777,5
8778,6
8779,6
8780,6
8781,5
8782,5
8783,5
8784,5
8785,5
8786,5
8787,5
8788,5
8789,3
8790,3
8791,3
8792,2
8793,4
8794,4
8795,3
8796,4
8797,4
8798,4
8799,6
8800,5
8801,4
8802,5
8803,5
8804,6
8805,6
8806,4
8807,4
8808,4
8809,4
8810,4
8811,4
8812,4
8813,4
8814,4
8815,4
8816,5
8817,6
8818,6
8819,6
8820,6
8821,6
8822,6
8823,5
8824,5
8825,6
8826,6
8827,5
8828,5
8829,5
8830,5
8831,4
8832,6
8833,6
8834,5
8835,4
8836,4
8837,3
8838,4
8839,5
8840,5
8841,5
8842,4
8843,4
8844,4
8845,5
8846,6
8847,6
8848,5
8849,6
8850,4
8851,4
8852,3
8853,4
8854,5
8855,5
8856,5
8857,5
8858,6
8859,6
8860,6
8861,5
8862,5
8863,4
8864,4
8865,4
8866,4
8867,4
8868,4
8869,5
8870,4
8871,5
8872,5
8873,6
8874,5
8875,5
8876,4
8877,4
8878,4
8879,3
8880,3
8881,6
8882,5
8883,5
8884,5
8885,5
8886,6
8887,6
8888,7
8889,4
8890,5
8891,4
8892,4
8893,4
8894,4
8895,5
8896,6
8897,5
8898,5
8899,5
8900,6
8901,6
8902,6
8903,6
8904,6
8905,6
8906,5
8907,2
8908,3
8909,2
8910,2
8911,3
8912,2
8913,4
8914,4
8915,4
8916,4
8917,5
8918,6
8919,5
8920,4
8921,5
8922,5
8923,5
8924,5
8925,6
8926,6
8927,6
8928,6
8929,6
8930,6
8931,6
8932,7
8933,8
8934,7
8935,6
8936,3
8937,5
8938,6
8939,6
8940,5
8941,5
8942,5
8943,5
8944,4
8945,5
8946,5
8947,5
8948,5
8949,6
8950,6
8951,6
8952,6
8953,6
8954,6
8955,6
8956,7
8957,7
8958,7
8959,6
8960,4
8961,4
8962,3
8963,2
8964,2
8965,3
8966,3
8967,4
8968,4
8969,4
8970,5
8971,5
8972,4
8973,5
8974,5
8975,5
8976,5
8977,5
8978,5
8979,5
8980,5
8981,4
8982,4
8983,3
8984,4
8985,4
8986,3
8987,4
8988,3
8989,3
8990,5
8991,4
8992,1
8993,1
8994,1
8995,1
8996,1
8997,3
8998,4
8999,5
9000,5
9001,5
9002,4
9003,4
9004,4
9005,4
9006,4
9007,4
9008,3
9009,4
9010,3
9011,4
9012,4
9013,4
9014,3
9015,3
9016,3
9017,2
9018,3
9019,3
9020,1
9021,2
9022,4
9023,4
9024,4
9025,4
9026,4
9027,3
9028,4
9029,5
9030,5
9031,5
9032,5
9033,5
9034,5
9035,5
9036,5
9037,5
9038,5
9039,5
9040,5
9041,5
9042,5
9043,5
9044,4
9045,4
9046,4
9047,4
9048,4
9049,4
9050,6
9051,5
9052,5
9053,5
9054,5
9055,5
9056,5
9057,5
9058,5
9059,5
9060,5
9061,5
9062,5
9063,5
9064,6
9065,7
9066,7
9067,7
9068,6
9069,4
9070,5
9071,5
9072,4
9073,4
9074,4
9075,6
9076,4
9077,5
9078,6
9079,5
9080,4
9081,5
9082,4
9083,5
9084,5
9085,5
9086,5
9087,3
9088,4
9089,5
9090,5
9091,5
9092,5
9093,5
9094,5
9095,5
9096,6
9097,6
9098,4
9099,2
9100,3
9101,4
9102,3
9103,3
9104,3
9105,5
9106,3
9107,2
9108,3
9109,3
9110,4
9111,3
9112,3
9113,5
9114,4
9115,5
9116,4
9117,4
9118,4
9119,4
9120,4
9121,5
9122,5
9123,6
9124,4
9125,4
9126,3
9127,4
9128,4
9129,4
9130,2
9131,2
9132,1
9133,2
9134,3
9135,2
9136,4
9137,4
9138,5
9139,5
9140,5
9141,4
9142,4
9143,4
9144,3
9145,4
9146,4
9147,4
9148,4
9149,3
9150,5
9151,5
9152,5
9153,5
9154,5
9155,4
9156,4
9157,4
9158,4
9159,5
9160,5
9161,6
9162,6
9163,5
9164,5
9165,5
9166,5
9167,5
9168,4
9169,5
9170,5
9171,5
9172,5
9173,5
9174,5
9175,6
9176,5
9177,5
9178,5
9179,5
9180,6
9181,5
9182,5
9183,4
9184,3
9185,5
9186,3
9187,4
9188,5
9189,4
9190,5
9191,4
9192,4
9193,4
9194,4
9195,3
9196,2
9197,4
9198,3
9199,3
9200,3
9201,5
9202,3
9203,3
9204,3
9205,5
9206,2
9207,3
9208,4
9209,4
9210,3
9211,3
9212,4
9213,5
9214,4
9215,4
9216,4
9217,4
9218,4
9219,4
9220,4
9221,3
9222,4
9223,2
9224,4
9225,3
9226,3
9227,3
9228,3
9229,4
9230,4
9231,4
9232,4
9233,4
9234,4
9235,6
9236,5
9237,5
9238,5
9239,5
9240,5
9241,5
9242,3
9243,3
9244,3
9245,3
9246,6
9247,5
9248,4
9249,4
9250,4
9251,4
9252,5
9253,5
9254,4
9255,7
9256,6
9257,7
9258,6
9259,4
9260,5
9261,5
9262,5
9263,5
9264,5
9265,4
9266,4
9267,5
9268,4
9269,5
9270,5
9271,5
9272,5
9273,4
9274,3
9275,3
9276,2
9277,3
9278,3
9279,3
9280,3
9281,3
9282,4
9283,4
9284,5
9285,4
9286,4
9287,4
9288,4
9289,5
9290,5
9291,5
9292,5
9293,5
9294,5
9295,5
9296,4
9297,4
9298,5
9299,5
9300,5
9301,5
9302,6
9303,6
9304,5
9305,4
9306,4
9307,4
9308,4
9309,4
9310,4
9311,4
9312,4
9313,4
9314,5
9315,6
9316,6
9317,6
9318,6
9319,4
9320,4
9321,4
9322,4
9323,4
9324,4
9325,5
9326,7
9327,5
9328,4
9329,5
9330,5
9331,5
9332,6
9333,6
9334,6
9335,6
9336,5
9337,5
9338,5
9339,4
9340,4
9341,5
9342,5
9343,4
9344,5
9345,3
9346,2
9347,2
9348,5
9349,4
9350,4
9351,3
9352,3
9353,2
9354,4
9355,4
9356,4
9357,4
9358,4
9359,4
9360,5
9361,6
9362,6
9363,5
9364,5
9365,5
9366,5
9367,5
9368,5
9369,4
9370,4
9371,5
9372,5
9373,5
9374,4
9375,4
9376,3
9377,3
9378,4
9379,4
9380,4
9381,4
9382,4
9383,4
9384,4
9385,5
9386,4
9387,4
9388,4
9389,4
9390,3
9391,3
9392,3
9393,3
9394,3
9395,3
9396,2
9397,2
9398,1
9399,1
9400,1
9401,2
9402,5
9403,4
9404,4
9405,4
9406,4
9407,4
9408,4
9409,4
9410,4
9411,4
9412,4
9413,4
9414,4
9415,5
9416,4
9417,4
9418,4
9419,3
9420,4
9421,2
9422,3
9423,1
9424,3
9425,2
9426,4
9427,4
9428,5
9429,4
9430,4
9431,4
9432,4
9433,4
9434,4
9435,5
9436,4
9437,5
9438,6
9439,5
9440,5
9441,6
9442,6
9443,5
9444,4
9445,4
9446,4
9447,4
9448,5
9449,5
9450,5
9451,3
9452,3
9453,5
9454,3
9455,3
9456,3
9457,4
9458,4
9459,4
9460,4
9461,4
9462,4
9463,4
9464,4
9465,5
9466,5
9467,5
9468,5
9469,5
9470,4
9471,4
9472,4
9473,5
9474,5
9475,5
9476,5
9477,5
9478,5
9479,4
9480,4
9481,4
9482,4
9483,3
9484,4
9485,3
9486,4
9487,4
9488,3
9489,3
9490,3
9491,3
9492,3
9493,3
9494,3
9495,3
9496,5
9497,2
9498,3
9499,3
9500,4
9501,5
9502,2
9503,5
9504,4
9505,4
9506,5
9507,4
9508,5
9509,3
9510,4
9511,4
9512,5
9513,4
9514,2
9515,3
9516,2
9517,4
9518,4
9519,4
9520,6
9521,5
9522,6
9523,5
9524,4
9525,4
9526,6
9527,6
9528,5
9529,6
9530,4
9531,6
9532,6
9533,6
9534,6
9535,5
9536,4
9537,4
9538,4
9539,4
9540,4
9541,3
9542,4
9543,3
9544,3
9545,1
9546,2
9547,2
9548,3
9549,3
9550,3
9551,3
9552,5
9553,6
9554,6
9555,6
9556,6
9557,6
9558,5
9559,6
9560,5
9561,5
9562,6
9563,6
9564,6
9565,5
9566,5
9567,6
9568,5
9569,4
9570,4
9571,3
9572,3
9573,4
9574,4
9575,3
9576,4
9577,5
9578,5
9579,5
9580,5
9581,6
9582,6
9583,6
9584,6
9585,6
9586,6
9587,6
9588,5
9589,5
9590,5
9591,5
9592,4
9593,4
9594,4
9595,4
9596,3
9597,2
9598,1
9599,1
9600,2
9601,4
9602,3
9603,4
9604,5
9605,5
9606,5
9607,5
9608,5
9609,5
9610,4
9611,4
9612,4
9613,4
9614,4
9615,5
9616,5
9617,4
9618,4
9619,5
9620,2
9621,3
9622,2
9623,3
9624,4
9625,3
9626,3
9627,3
9628,3
9629,4
9630,3
9631,4
9632,2
9633,3
9634,4
9635,2
9636,4
9637,3
9638,4
9639,2
9640,3
9641,3
9642,4
9643,3
9644,3
9645,3
9646,4
9647,4
9648,5
9649,5
9650,5
9651,5
9652,5
9653,5
9654,5
9655,6
9656,6
9657,6
9658,6
9659,6
9660,6
9661,6
9662,6
9663,5
9664,5
9665,4
9666,3
9667,3
9668,4
9669,4
9670,3
9671,3
9672,3
9673,3
9674,4
9675,2
9676,2
9677,2
9678,4
9679,1
9680,2
9681,2
9682,2
9683,3
9684,3
9685,3
9686,3
9687,3
9688,3
9689,3
9690,4
9691,4
9692,4
9693,5
9694,5
9695,5
9696,5
9697,5
9698,5
9699,5
9700,6
9701,5
9702,5
9703,4
9704,4
9705,3
9706,5
9707,2
9708,4
9709,4
9710,6
9711,6
9712,5
9713,6
9714,6
9715,6
9716,7
9717,6
9718,6
9719,6
9720,7
9721,6
9722,6
9723,6
9724,6
9725,6
9726,6
9727,6
9728,6
9729,4
9730,3
9731,3
9732,2
9733,3
9734,0
9735,0
9736,1
9737,2
9738,2
9739,2
9740,3
9741,3
9742,3
9743,3
9744,3
9745,3
9746,4
9747,4
9748,4
9749,4
9750,4
9751,4
9752,4
9753,4
9754,4
9755,3
9756,4
9757,4
9758,4
9759,4
9760,5
9761,5
9762,4
9763,4
9764,3
9765,6
9766,4
9767,6
9768,5
9769,5
9770,6
9771,6
9772,6
9773,5
9774,6
9775,6
9776,5
9777,5
9778,4
9779,4
9780,4
9781,4
9782,4
9783,4
9784,4
9785,4
9786,3
9787,2
9788,1
9789,1
9790,1
9791,2
9792,1
9793,3
9794,5
9795,5
9796,4
9797,5
9798,5
9799,5
9800,5
9801,5
9802,5
9803,5
9804,5
9805,5
9806,5
9807,5
9808,4
9809,6
9810,6
9811,7
9812,4
9813,3
9814,3
9815,4
9816,4
9817,4
9818,5
9819,5
9820,4
9821,3
9822,4
9823,5
9824,5
9825,5
9826,5
9827,5
9828,5
9829,5
9830,5
9831,5
9832,5
9833,4
9834,4
9835,4
9836,3
9837,3
9838,3
9839,3
9840,2
9841,1
9842,1
9843,1
9844,2
9845,5
9846,4
9847,5
9848,5
9849,5
9850,5
9851,5
9852,5
9853,5
9854,5
9855,5
9856,5
9857,5
9858,5
9859,5
9860,5
9861,4
9862,4
9863,3
9864,2
9865,3
9866,4
9867,4
9868,4
9869,5
9870,4
9871,5
9872,5
9873,5
9874,6
9875,6
9876,6
9877,6
9878,6
9879,6
9880,6
9881,6
9882,6
9883,6
9884,6
9885,6
9886,4
9887,5
9888,4
9889,5
9890,4
9891,3
9892,2
9893,2
9894,3
9895,3
9896,4
9897,4
9898,4
9899,5
9900,5
9901,5
9902,5
9903,4
9904,4
9905,4
9906,3
9907,3
9908,3
9909,3
9910,3
9911,3
9912,5
9913,4
9914,4
9915,3
9916,4
9917,3
9918,3
9919,3
9920,3
9921,3
9922,3
9923,3
9924,3
9925,4
9926,4
9927,5
9928,5
9929,5
9930,5
9931,6
9932,6
9933,6
9934,5
9935,4
9936,5
9937,5
9938,5
9939,5
9940,5
9941,5
9942,5
9943,5
9944,6
9945,5
9946,4
9947,4
9948,3
9949,4
9950,4
9951,3
9952,3
9953,4
9954,4
9955,4
9956,3
9957,4
9958,2
9959,2
9960,4
9961,4
9962,3
9963,4
9964,3
9965,3
9966,4
9967,3
9968,3
9969,3
9970,2
9971,4
9972,4
9973,4
9974,7
9975,6
9976,6
9977,6
9978,5
9979,5
9980,5
9981,5
9982,5
9983,5
9984,5
9985,6
9986,6
9987,6
9988,6
9989,5
9990,3
9991,4
9992,4
9993,5
9994,4
9995,4
9996,5
9997,5
9998,5
9999,6
10000,5
